num_feat_0,num_feat_1,num_feat_2,num_feat_3,num_feat_4,num_feat_5,num_feat_6,num_feat_7,num_feat_8,num_feat_9,num_feat_10,num_feat_11,cat_feat_0,cat_feat_1,label
0.345584192064786,0.8216181435011584,0.33043707618338714,-1.303157231604361,0.9053558666731177,0.4463745723640113,-0.5369532353602852,0.5811181041963531,0.36457239618607573,0.294132496655526,0.02842224131579679,0.5467129866124469,0,2,normal
-0.7364540870016669,-0.16290994799305278,-0.48211931267997826,0.5988462126346276,0.03972210748165899,-0.2924567509650886,-0.7819084623568421,-0.2571922406188707,0.008142180518343508,-0.2756029052993704,1.2940638143982073,1.0067243153057943,0,1,normal
-2.7111624789659685,-1.8890132459676727,-0.17477209205516195,-0.42219041157635356,0.2136429974986111,0.21732193102256359,2.1178387550510482,-1.1120207626922813,-0.37760500712699807,2.0427716074923303,0.6467029962018469,0.6630633723762617,1,0,normal
-0.5140063716874629,-1.6480751708556527,0.16746474422274113,0.10901408782154753,-1.2273520542445742,-0.6832266617805622,-0.07204367972722743,-0.9447516230607774,-0.09826996785221727,0.09548302746945433,0.03558623705548571,-0.5062916583143148,2,0,normal
0.5937480717858228,0.8911669542823284,0.3208483045665637,-0.818230227390307,0.7316522837854408,-0.5014400184670523,0.8791606182879853,-1.0717874168774442,0.9144672031287812,-0.02006345461548042,-1.2487488903344155,-0.31389947196684775,3,0,normal
0.05410227877154389,0.27279133916445375,-0.9821881249409777,-1.107373047165193,0.19958453284708083,-0.46674961687980204,0.23550561173022522,0.7595195224783792,-1.6487873663509485,0.2543881165176173,1.2246469675357323,-0.2975268443704732,0,0,normal
-0.8108145832375699,0.7522438271795928,0.25344651620814146,0.8958830707775604,-0.3452157100512797,-1.4818182737222112,-0.11001076471125099,-0.4458281530112322,0.7753238220475741,0.1936328483771538,-1.6308492324351012,-1.1951630801031998,0,0,normal
0.8837890365872553,0.6797650174178466,-0.6402433659084887,-0.001048796567280681,0.4455735537761861,0.4684043358472779,0.8762421961143501,0.256485627221562,-0.09482833896849817,-0.25884806478784556,1.0557428005332512,-2.2508542750785376,1,0,normal
-0.13865532509133732,0.03300010398406011,-1.4253489608701877,0.33281361313804664,-0.651281012443394,0.8624447963157468,-0.1255920840343272,0.6691532407894528,1.2188436051712233,0.3829295827134724,-0.8757211434228455,-1.5143186317046384,1,2,normal
1.7533841175163727,-0.11129219318751944,-0.6885649476343216,0.14425708806082496,-0.19141133048264922,0.8521422642126877,0.03392818243710029,0.013749583618419497,-0.7145797210329641,0.4695680987474934,-1.0338667223549824,0.6658894397639671,2,3,normal
1.5239375129901318,-1.5246860380991518,-2.466229231351318,0.6168787551543194,2.547897815483126,-1.0009248488718936,-1.2506957588019882,0.5889689337804737,-0.8407215900583078,-0.5060254839367364,-0.34811746668377785,0.5320020862917986,0,2,normal
-0.40530236139311865,0.2778828400801602,-0.17653325889357535,-0.8446711036516033,-0.31982625774322104,-0.9503996651679186,0.006514985869748843,-1.1238662275656366,-1.092894369295243,1.4569618153052555,-0.05318422030534141,-0.05390202547204295,1,2,normal
0.511536419917619,-0.4208570025488712,-0.22853536747815809,0.4251487353319089,0.2824158422444015,-1.1592967269324297,0.8333425966696618,-0.590434943289043,-1.0560789503141859,-0.9004750699990517,-0.3905453443553229,1.6273002546230673,3,0,normal
-1.1755359049207805,0.16007589253434076,-2.1378243580905774,-0.0015669331451969059,0.8995664174760071,-0.23666332206145513,-0.6293549238833419,0.23151106405853766,0.7001517511506504,0.6636575710174066,1.9724738539297917,0.20916747233627678,0,2,normal
-0.5924100997529326,-0.12597918998664273,-0.07249854561981205,0.10873738347811868,-0.03002781322943489,0.1739659388962034,-1.6708500606151127,0.8296289560400428,-0.5747392689210323,-1.1731586964470246,0.6377511596414357,1.317326007386082,0,2,normal
0.4930281494994427,0.16115931384552032,-0.9322203053719521,2.8715673378134987,0.8802586206615082,-1.1392946703429758,-0.7796379162397445,0.08697924857190435,-1.5547311319959862,0.16863040701051427,-0.4590715557127591,1.2262706003162174,1,1,attack
0.9621546636282469,-2.7112854374347726,0.04170258602731257,-1.6174674995236882,1.109637999248523,0.16810586912782435,0.5484054521869972,-1.065124728803299,1.8284302379955002,2.020073367150445,-1.0647710426262125,0.37281512186631627,0,0,normal
-0.6733024283901868,-0.0235699368607321,-1.2656369792245639,1.8671455145806186,-0.969179511082668,-0.2960838149974946,0.5014829311105223,-0.6475606784161285,-0.23931242973230216,-0.5636398464269645,-0.13346075483629405,-1.1705426351003028,3,3,normal
-0.43798807560230063,-0.20689292471224427,-0.33372600380413486,0.05668995489379499,-0.2931022193567212,0.7532114084393808,-0.3231959257858299,-0.13664959629588416,-0.6647813359958524,-0.526514840115237,-1.2644927908197123,0.5187849208779641,0,0,normal
-1.142518017652492,-0.7458563981883249,0.35924465201120453,0.40257336594453236,-0.400114751005071,-2.0192658104888017,0.42051328729557524,0.2595634588920596,-1.4123812154717754,0.770322082794496,-0.7010998004334262,-1.1261881161533005,3,0,normal
0.09573071096425678,-0.17847043139921506,0.20262400099114752,-1.6057480583244386,1.8122301162723733,-0.602658614543728,-1.539659308496411,0.6188421885671495,-0.3548041301011767,0.32485848577290377,-0.33960843062503854,-0.059740360479920165,1,1,normal
0.24577284373863384,-0.7466528839828983,0.6787395958595579,-0.46990009907954344,-0.8696871441704723,0.07703242182250279,0.44504127849104197,-0.2290793416186396,-0.8625197870795628,0.6197855663086329,-1.7603287921227768,-1.0308641360355328,3,0,normal
0.03952289053338441,-1.3610593983050674,0.027994264249169242,-0.05486311801846381,0.8987397888581683,-0.9147903518132915,-0.6259065236416427,0.3331816847010001,-2.4575635902058073,3.1000422989145844,-0.698650730461769,-0.7298350527255578,1,3,normal
0.8611275109037129,-0.03983184143568413,-1.779428618703591,0.6269273800926122,0.8553778339992086,-0.4499462734759413,-0.2816003582920249,0.48598459725939197,-0.9087802499144495,0.4383885642069085,0.199298510444498,-0.674932615775918,3,2,normal
-1.3921018738118445,-0.22560583076108617,-0.8754222582601685,1.0014102256801642,0.14408536849992318,0.7820845225598966,0.13462193534445818,0.26290111708503067,-0.7829989172303806,0.6680474265721447,1.7846982743070243,-0.3096875555175417,0,1,normal
-0.592774527714149,-0.15783670219035234,-0.48128028360112374,-0.7014792986535402,0.13819364396816675,-0.29091753305009044,1.4388735938426587,0.00020164295512421895,0.3239119776314283,0.9520218679998016,-0.30075585250454295,1.4367365400889385,2,0,normal
-0.6326942125201124,-0.8083277018861249,-0.36626701885025204,-0.11471739196713679,-1.4013182000990516,-0.03509478412884679,-1.6674865904394212,1.3921384005454986,-0.08099695140769417,-0.6419577246959741,-0.9083381182835725,-0.38443047420819676,0,0,normal
-0.22307946843042645,-1.0445109656113605,-0.9197950938228345,-0.18717500506153661,-0.520783747795641,0.9392131036783211,1.137870374245525,0.016021203599889625,0.47359957205452774,-1.33518837362512,0.6374177094326149,-0.03058346951326358,3,1,normal
0.48466831595083715,1.6003561315936594,-2.280857756344364,0.26094817905342854,-1.0991190631678631,0.592196691404488,-1.313313437428466,-0.49539956700399346,0.20273375576037383,0.6135093864353722,0.07479408933657207,-0.7928309389878114,2,3,normal
-0.553532217715408,0.8845028912493791,-0.005499615686538553,-1.6838143968410575,0.8436627082696916,0.41624847971347423,0.8734155452519468,-0.3366274663766816,0.8281565184266096,-1.0610649200016748,0.5699998108654594,-0.49038030962805695,3,2,normal
0.6743517049201465,1.00564411641639,-0.7359901520085294,-0.051229479498743465,0.038954626455999015,1.1896648178406266,0.7105580913697815,-1.2192775440104588,0.45760826070855726,0.7450892093791386,2.123805895927743,-1.6791490967541916,2,1,normal
-0.536352299933991,1.333371188087335,-1.355070298606693,-1.199460583924726,0.5170821953802978,1.0184086608787832,-0.6686804873755542,0.5401271722920614,0.11695526942994706,1.518749034018734,-0.001518439708736793,0.9902473119680668,2,1,normal
-0.9031178593142654,-0.18487884946202174,-0.09670445376181883,1.1391079474852248,0.5796130395204568,-0.7517531312935694,0.6819677636799354,0.7706312764276145,-0.11164572231944679,-0.25766231503180886,-0.19380324542255564,-1.6949924059888835,2,3,normal
0.18874300812461753,0.23457792922728007,-0.8655285237589894,0.7424462498750674,-1.3729669358236254,-0.5518128213929571,-0.4752190689915521,1.9875098319889204,-1.5991840632578807,0.562630255206262,0.9421232775889631,0.37772556403986696,1,3,normal
1.1818079443533893,-1.0027376871264224,-2.280258602312189,0.7668178889702638,-1.19582816467109,-0.32639987654593494,-1.1788459974247776,1.0523418569495309,0.8651502348674213,-0.7200636619069942,0.9034918446096601,0.12127725931971635,1,3,normal
-0.13938883055974702,0.05741666204236571,-0.20274935984995607,0.6150052638109683,0.3103475704430823,-0.34946714643382215,1.0062557458155574,-0.611475614763826,0.2869336430674523,0.4221553712523149,1.4788070598365304,-0.505441363348968,2,2,normal
1.7430824463104067,0.17616495162242465,-0.1939769106525731,-0.6724727509386108,0.5862934190545325,0.048935244442381544,-1.1036092659277856,-1.1278871762586364,-0.5555192078005339,-0.6760060038711679,1.0903023917272097,1.3755382979701785,2,3,normal
0.8685596238675084,0.35786889003106337,-0.4282382078446079,0.054483210920245655,0.8847070060285458,2.1309722337233126,0.9128992053017935,-0.28041214429472394,0.03802507577088776,-0.48254490115183274,-0.7823985759494164,-0.18424200221796436,3,3,normal
0.19561469220511585,1.8359015866775639,0.05203246995339342,1.3573580749634357,1.7674890811247375,0.07880787025970594,1.6077988876162386,0.7149354045688833,-0.4175352949596159,0.2651800248488781,0.02287781804493067,-0.23233902994495106,0,3,attack
-0.1987812329949336,0.14420930347298908,0.43418114048221673,-0.8848818751587286,-0.009387661996193952,-1.5223550219450055,0.26079549928020807,0.6235994757813844,0.1639548383598068,0.28585315191874305,0.5899431035596658,-0.6651008442169998,3,1,normal
-0.239048859324589,0.5109220438157845,1.001885734729143,0.39492140134525255,2.552859422355194,-0.09136057218487154,0.9996604293548461,1.266727678250083,-0.13376984634177783,-0.8205128822027424,-1.1826029275271916,0.16227699982917104,2,2,normal
1.110291954538829,0.2716683988554176,0.17285607536975375,-0.3792138830127059,0.5610297327935706,-2.135831051443722,0.2323732513747169,0.028126309552960353,-1.370340246561741,2.1755979241438617,-1.387413231554587,-1.0775204968476604,1,3,normal
-1.2008631075528253,1.1103678017586875,-0.8880848611591907,0.6686564129642129,0.5875101525212513,0.25967041104814037,-1.3075789066569106,-0.6121063779878204,1.6731149700340762,-1.2907543993826185,-0.8316549603684383,-0.1622465227803788,2,3,normal
0.808990072037372,0.251639190604869,0.7420441592953383,-1.0672942329719948,0.9447765939160119,0.5690288165788222,-1.5945645551236336,1.5399162079072706,2.2923978601752575,-0.7685773571467057,0.05565281661670331,1.3974225831075449,1,3,attack
-1.481240229427202,-1.9898603190697501,-1.2969441221999225,-0.567066786356067,-0.5784422119848877,0.607347173842596,0.2685363719630596,-1.2460772646690634,0.5673799700888534,1.8740813416812043,1.1970542790702832,0.9911074476835425,1,2,normal
0.020177928521369855,0.9836313946445512,-0.9661328199695761,0.7510146370030524,-0.08724841948114659,1.1309056978794503,0.4660105512578667,-1.0898797857123523,0.12799295347351022,1.218221469811786,-1.1292338850667993,-0.5591398781846658,1,0,normal
-0.7686730083877418,-1.4956459404457607,0.9612682752696962,1.310997302986027,0.8000432070570264,0.24257031543727606,-0.05203138431445749,0.23938030052465548,-0.7315559170910789,0.8938456004516719,1.0454923240383853,0.9325435340039069,3,2,attack
-0.5309482177187937,0.07840434194680262,-0.16578081897935465,1.788574787967336,0.17969620192256117,-1.8820708939303965,0.39850565083107337,1.882266249070986,0.6851757162225667,0.8794797100462112,0.036061266848903324,-1.971389486185183,0,1,attack
-1.8102577540529359,-1.2459477747358843,-0.12683203703972695,0.30999849649131295,0.6894141521395216,-0.3404580427647237,0.9569292584110887,-0.2797487583796223,-0.7044895153470392,0.8516417154449,-0.9144449831041731,-2.729084930821099,0,3,normal
-1.0599567589478986,0.09415954550289732,-3.080177759049658,-0.35713804617857653,-0.3320903587630098,-1.4264559689692793,-1.4825034645978075,-0.46246194809927543,-0.547100169634812,1.259918509391637,0.37486304513279944,-1.5808554455055794,1,1,normal
-0.8546514698367423,0.7051415271220325,1.8959767689579035,0.3864994937442246,0.3107125446594851,1.8607524641720066,-0.022671444019016034,-0.30910095833473333,-1.4132487822916682,-0.513016082227706,2.178712742598153,-1.421741392488717,1,3,normal
0.011191706813249526,-1.4083274279523157,0.12847574805175782,0.8876472034521211,-0.24364931981318796,0.730347270299497,0.7208438255088383,0.44702481610691414,1.7162479994159527,0.7788375539980553,-0.30495956613431624,-0.6808235484921149,3,1,normal
-0.8453063475043491,0.47586743763501194,-0.32372181425016844,2.729167039004296,1.842447605618157,-0.21452399950632314,-0.32913125416298955,1.6901765533164228,-1.8833597813049865,-0.4515510593051083,0.950756950995372,-0.9120975709189635,1,2,normal
-0.47682997309348574,-0.35114116609468765,0.6608084965065637,0.1375268848231289,0.40208741028813405,0.5952837251833398,0.029938228177132754,1.1105661982486714,-0.7289588711056352,-1.4361214956266375,-1.7768718048124446,-1.621009778962458,1,0,normal
-0.5505157295475742,1.0300468932563196,0.17416675737197657,-0.5985466095353628,-1.0698555930156628,-0.5288856513305837,-0.4036663853964377,-0.5650993908991825,-1.4325443207427366,-0.4758078211222693,1.0171361333790776,-2.174608941595472,2,0,normal
-0.24060867244437567,-2.1213483548325254,0.18304761057790167,-0.7474893909083051,-2.085687668092666,0.1007021899334244,1.8174053535523906,0.10889153335216269,1.1617914837823475,-0.07150440216890899,-2.1575908281620957,0.490483490624009,3,0,normal
-0.4182793068122131,-1.4620849276728791,0.7848366739231182,0.28685756545382673,-0.5254096407181754,0.868069425402096,-0.8720719677930326,0.6434323387400966,-0.9404604692433001,0.5339547617060789,-1.1007479445493213,1.4891882030211117,3,3,normal
0.2543075000159044,1.432875115993112,-0.8224459775198497,-0.4761023729675279,0.8396647985148009,-2.7437171483093246,-1.0667908546472529,1.0331769522816747,0.4651093238943746,0.9787693424178078,-0.30976088708472405,0.563999381603121,1,3,normal
-0.7308442702168229,-1.3719603676223968,-1.6947949737166204,-0.5517095710304244,-0.5489414224245007,-0.6293773975967116,-3.5488049709979372,-1.9986036000365417,-0.5326324891934551,0.2870166275975515,-0.5787926250470458,-0.8768972003507037,0,3,normal
-2.308473333151637,2.021499038975929,-1.1011112794669269,1.6833966376990939,1.560685916993547,0.27392906590093297,-0.5726094050626782,0.13221553118226376,-1.1530419740393554,0.2607301266979909,0.002952147849589352,0.531968267948261,0,1,normal
0.9504368486437819,1.7328384874128449,-0.3883158345166537,1.0433884177592827,-0.7916695806289007,-0.8945649475212611,-0.6180564353193759,-0.9819656557896612,0.980264318334658,0.9232411384617251,1.27231174703939,-0.025300329264120056,2,2,normal
0.27438159608727786,-0.5784269986000683,-1.1509612478497493,0.44701815053155675,0.26837311131653563,-1.1070132650577227,0.5853324666466068,-1.7417273425997286,-0.1789984841245339,-0.630313837115518,-0.5292762162227943,-1.0834577552252005,3,1,normal
0.9524940914618955,0.5659482120491224,1.1834202668111746,0.13049734864517734,-1.2980536541958756,-0.37900151794481424,-1.1915178053735453,0.44679516497993094,1.198705929048254,0.31609039157959024,-0.6125209138596496,-0.3833271224834214,0,1,normal
0.190450002666645,-1.4603573935504803,0.13460214325955527,0.1834978775243717,-0.5602428756521878,-0.43403526704537876,0.15384464308496765,-0.8382888472561887,-0.8404627939966254,0.7599708644079872,0.20337071953821506,1.6586636008151843,2,1,normal
-1.0079779989284938,-1.8009658486555078,0.9187788841678789,0.9341444187912877,-0.7621833260682251,-1.4928570128965188,-0.07219059119776025,-1.7779053892097485,-0.3689646466587515,-2.2109122000117822,-0.2679457635683625,-2.151350270195979,1,3,normal
-0.2688396014372879,1.4845112605106796,-0.3006952257657909,0.7352385818649416,-0.6770767447584621,-0.9284830391064188,-1.5350783740320315,1.0023084628535774,-0.09697973058103007,1.5823182677789085,-1.2198185102018095,-0.2650924009024904,1,3,normal
0.03618678805464951,1.3681716986013837,1.7769346512604225,-0.6945933575499162,-1.180283911849588,-1.7838454781954174,1.2887231687245124,-0.13599423088681162,-0.6974769140037069,-0.1014400066356889,-2.608908472609203,-1.776633025684182,0,1,normal
0.8838022868727097,0.3440325538519612,0.09807949309232442,-1.0536869104243363,0.5353450488721306,1.7259053255339913,-1.2772682359691314,-0.03816312861770822,-0.4881837283636457,0.3076118347894994,-0.039425213494835805,-0.20061995515134984,1,1,normal
-0.9358153467573216,-0.06958525418711159,-0.6682911594544894,-0.2003965791014318,-0.11751377734222924,0.6002955196514277,-0.6363173315592242,-0.37742020343737065,1.0179669017711024,-0.2723271956196908,-0.3159642205021737,0.8102701474076616,0,0,normal
0.21852618490827863,0.03724262388093613,0.166195485167498,-1.293020305872751,0.4082036489905961,1.2737979672036042,0.5299164444082823,-1.6061770608253054,0.2352602976603339,-0.9527249184256126,-0.273339625362273,0.08390972009103834,2,0,normal
-1.2370305227195744,1.292105440168007,-0.11166165863698796,0.7504063899405696,0.5934798586408456,1.3033566713091778,1.1517683742801164,-1.513160190284853,0.004810902964497788,-2.1724055166424225,-0.483776981648209,0.6784226860938259,1,0,normal
0.8782966528005957,1.2538259582144544,-0.4117776496496913,0.28596408111786736,0.06367363083195574,1.2336868117759543,1.555299990687162,-0.3915332986795695,3.7516349672663583,-0.036040734179385275,-0.39888843329431256,0.567840036747218,2,2,attack
0.7271923850578366,0.515614254762156,-0.679676633510859,1.443800971517405,0.02582386389481303,1.5104701666820597,1.3665618615141275,-1.298855229333859,-1.0043131269308443,-1.0242331378104215,0.22707756059134257,0.03211412250079835,0,1,normal
0.24757523953398958,-0.8327108093828304,0.4071473659154056,1.385104609768259,-1.3535947146457399,-0.2137952436475663,0.23100575450325914,-0.14705057858035545,-0.21412744475889497,1.752263984545271,1.2670675047848043,0.8333949433261522,0,2,attack
-0.7771995633914595,2.225606719971853,0.3459026627223867,-0.5929759428406611,-0.352377281468836,-0.5043286191577014,2.1065366439613324,0.19118697567674273,0.04931968294274557,-2.1666121593182464,0.7238102522772645,-1.0714959570851907,0,2,normal
-1.1429566337463961,0.5995576979640092,-0.8764085171864693,0.8228349505059208,1.1088930879484957,-1.802394920490876,-0.14911003486829763,-1.5868179689111586,-0.07493398281475719,0.8991979785062258,-1.3768273659052244,1.7891598107389093,0,3,normal
-0.32464113887936297,-1.197567800039643,-0.13931735198085365,0.7767747277249033,-1.3929332960279637,-0.014265961148294098,-1.3898124962727794,1.187546171524501,0.13787289283264367,-0.4426848543133972,1.017486474381074,-1.3066112595978296,0,3,normal
-0.4116867936057472,1.827518567008105,-0.1430663804640684,1.337560930857414,0.1757359503214666,-0.7196249616847328,-0.26622137111407684,0.056934041566392736,-0.4300137156429038,-0.8447017297602396,-0.8023916780971501,-1.5044679367636962,3,0,normal
0.08910326993885365,0.3720808449048407,0.7272999020487253,-1.8275862457309329,0.7838677215294181,-0.03910607275850584,-1.450615951867245,0.07583511244810598,0.7925948111630794,0.5004207311825053,0.7033272376323464,0.9233344351065464,3,1,normal
0.8739572548599488,-0.05745004884908064,-2.104230608494548,-0.7812315724231464,0.33459613838192825,-0.49087282137445293,0.6643822083089399,0.7768181049834226,0.027355611329157682,1.8591871023681141,-0.995532941551476,0.9110583325938256,1,2,normal
-0.49258600345326425,-0.8004663141111169,0.5688152699250151,-0.6356137693519687,0.8392889817161153,-1.186293687218223,0.015583934055897898,-0.8629299223035118,-0.2544780596162145,-0.3914113416500048,-1.1479693811033498,0.6362796663017971,1,1,normal
-1.2642435412008066,-0.9990895669559258,0.8727511686622557,0.9547403510077993,0.6494452753407791,0.32204059097565846,2.260272533607259,-1.2274054124618146,-0.7609881813398689,-1.0112774540264333,0.8814588324487762,0.27100994692420716,1,3,normal
1.0939859326716501,0.9557623322531749,-0.2416249577797958,-0.8353966684773061,-1.0084499653051306,2.195673711626423,0.9518233470077712,0.5775320091903374,-0.3543304420202529,-0.21339817076162462,-0.3590921357632276,-0.3387848285579292,0,0,normal
-2.4184993686015135,-0.07619941663129699,-0.3971336667341233,0.27495632326711866,0.19483956316952594,0.8387179933254993,-0.027649280432602362,0.7824317922769016,-2.575443021488718,-1.1156770845743353,1.7114427970625996,-1.233518897717998,3,0,normal
-0.29330476902521696,0.6926035350945932,-0.8967196014119552,0.7083744951907623,-1.4422564459865341,-1.9275061837329406,-1.3434523012805235,-1.6678674139976426,-0.03185937479377198,-0.3319393329345504,0.31427759144431655,-1.0498944700864374,2,3,normal
2.5287573714323086,-0.10962082832753091,-0.05991738870379272,0.4416601359453396,-0.2575997536712705,-0.6455207839591339,0.07179854334532139,0.9047775800869076,0.6517590520890427,0.9280803538705531,-0.5777806982240823,-0.7883017117495554,0,0,normal
1.9911670730013253,-0.25188976520190054,0.46569374595293467,0.7259218388756472,1.4085023519690147,-1.363228233484873,-0.4920692292392021,-0.44529330501526143,-0.3130806875792165,-2.4242351152747084,-0.1075960948968126,-2.9051732668754875,1,3,normal
0.2870933978982107,0.5268477152703763,0.587422340072091,-1.2150816638454442,0.9450478183558719,-0.873907269149644,-1.2368271525133936,-0.9898289732800976,-0.8570382614942533,0.16350943834447573,0.8160107040549351,-2.110056045471277,1,1,normal
-0.549277037662523,0.8939716512923349,0.19619494276404675,0.5017732894669531,-1.5046709695834803,0.948737413137107,-1.568944174498173,0.190071464029151,1.3612573908879932,1.879350389846965,0.5115365500463113,0.880969201958292,2,1,normal
-0.6063316341717568,-0.48144413223591787,1.1694233713875724,0.001606382472464278,-0.12731382386099743,-1.410558100187072,0.15059097789474135,0.6458634070826382,-0.7941694752404448,-0.507079822448734,1.5804565960208934,0.17826614914886277,3,1,normal
-0.2885936455850023,-1.1369827893393376,-0.6195790312810469,-0.24999625104151021,1.3691278512137175,-0.610494698182247,1.7943357674660545,-0.928687816950862,-0.35758680482605343,0.8435436479109178,-0.24019493113508333,-0.8302620424006066,3,1,attack
-0.13184341148167436,0.4487124934289335,-1.7157342148490498,-0.24853634574867037,-0.10933662445164567,-0.403747759925666,0.7353560663789904,-0.5685521695158746,-0.36451484858633476,0.03764258736252721,0.7288490943154601,-0.22116261764771045,1,1,normal
1.516597270901757,-0.9077183000237283,1.2865143523340856,-0.8578215511106644,-0.16306648197587428,0.36404618536754896,2.0548398612597034,0.895826146653094,-0.4058628495569436,1.2991191155917212,-0.21370490489370653,-0.7914458562996477,3,1,normal
0.4486846917866825,0.09447084803329689,0.9536663672632354,-0.5497383641473134,0.3815034976609251,0.6345493328347688,0.2780455595506801,-0.02898353209135806,-0.6976183740910009,0.9037517913553875,0.13722450031243333,0.49630397250885694,0,2,normal
-0.35077824086059206,0.013011690742152053,-1.0372279917047185,0.08552529513580198,0.7652103236543112,0.09299328607983211,0.8593928105182447,0.3129104821226719,1.363856630019318,-0.19004963215280277,-1.6386302265529098,0.43248822908557016,1,0,normal
-0.16518948787756252,-0.9742933822826597,0.6512653579227652,0.2643291392546375,0.4453386019346198,-0.33237595078669135,0.19704716424775492,0.25433904415542485,1.7746551065417,-0.6839597644586848,-0.010494199557395853,0.36385981226964653,3,2,normal
-1.7247869260953994,-1.6029683674281936,2.1658183708278105,-1.7671189536616683,0.574929144655259,-0.8482254060645722,-0.7631601027511313,-1.9825249042723423,-0.9007385723253475,0.7843786155036819,-1.3887428409165128,0.5954268803417825,3,1,normal
0.3132977493485841,2.0183022993523925,-0.47453358325771533,1.2634140392028048,0.88886895424144,-0.2866684173182853,-1.662955988936166,1.509440379586508,-1.3643889058435419,-0.4734159526227956,0.8831765400001867,1.1159555687932858,1,2,attack
-0.8454466961579888,-0.032001685898224747,-0.25857844206934893,1.1815585755823625,2.5046333741809184,-1.8298868255199323,0.9164229099842688,-2.8581753769067246,0.01406637216464734,-1.1087845239491876,1.9918187901100528,0.16636852830105928,1,3,normal
-0.7367717479557876,-0.4993128547088203,-0.5752957520422238,0.1883116085626878,-0.15814847037970742,0.655885573981522,1.540261081924691,0.7014120469074839,-1.2260030477040933,-1.6238068064859852,-0.7554195256557019,1.0532152643097332,3,1,normal
-0.33504815366534896,-0.6675728190765841,0.13828255780588264,-1.4155259495914145,-1.1393277216692916,0.510325425209473,-0.30315349290822236,-0.45323624209051777,0.317635025316504,-0.584871203180809,-0.6862910465626746,-0.4598101625336741,2,0,normal
0.6026205891115991,0.05981993572120316,-1.1945975846763108,-0.30305691452920813,0.6482239264513066,1.870751943156877,-1.1423539921219512,0.33853529404852295,-0.2587482768153575,0.825519436812254,0.44955497731606664,1.4721769077408147,1,0,attack
0.5194509022746103,-0.5451133122289074,-0.5385931781792882,0.4055501097171292,0.39494318942459034,2.3979372675854025,1.6763327196655948,-1.1735783523750556,0.35022479577355486,-1.3309888613685903,-1.655676895719328,0.7435460014427098,3,1,normal
0.5517475330451567,-1.0385677943370097,1.643686738098532,-0.977569929500294,-1.1677283811466697,0.6526182214200285,0.22093854571555138,-0.16050800096883255,-0.06706583290096389,0.22380079125852775,-0.1395799857488353,-0.17250486828103703,0,2,normal
-1.895956688666449,-1.341961366009667,0.6109495703227616,-0.7043008904466944,0.5451932591117038,1.2354638992456595,-0.35495082644842896,0.28296978134308537,2.076476446778688,0.6949356423135457,1.8418738307513378,1.5334070539140794,0,3,normal
0.7533603495211348,-0.11189376142374594,-0.8419935332355505,-1.1116979895223666,0.48632893468126936,0.4681833766747926,-0.17462220803270195,0.8484663810865986,-0.6045371143431476,1.1102190681111885,0.04000706478611994,-0.03632657578056551,3,1,normal
-0.00027329697946493073,-0.09859127678452355,2.488264288328721,-1.6115198291476032,0.1772225437817981,1.2441061893390575,0.7175130525725216,-0.3020819717072703,1.7401210242168366,-1.0684928577656814,-1.3062961297182314,0.5680705629324108,0,3,attack
-1.454469801233026,-2.3779497529666154,0.8828866377279997,0.7613503126204363,0.7322868629434504,-0.4874711446841277,0.18294612768934307,-0.9653265782424492,1.7343512066126565,0.7910242515044482,0.7422560723702184,-1.9499847409066347,3,1,normal
0.807302043989884,1.4939720219813593,1.216262085647373,0.7891303357965002,-0.0009571690296654037,-0.34183284725504304,0.6016416856188823,0.3827693557973629,0.2363745303858515,-0.3092247467890157,1.6812565279254326,-1.167843292195985,1,1,normal
-0.022632455812083438,-0.5801808727892961,1.0320430480908585,1.430481507294281,1.2440888408102686,0.7554071817584939,-1.402601976480008,2.0812327075463277,0.5166960895746487,-0.10846324499681578,0.021500596114723915,-0.3395191336516016,0,0,normal
0.4238805727238128,0.3101678081106041,-0.3601000456667026,-2.569891436775477,-0.035121335047972276,0.4768359562395015,0.5261678448923256,-0.1534650007756873,0.45331476946340754,1.028318940436975,-0.47025028256386675,1.466279045418628,3,0,normal
-1.9551583018209246,-1.2610485337190704,-0.9051449503754182,-2.444466709475542,-0.9997626210327866,1.2483719756363818,1.2415290652525832,0.09735846272620514,1.7210019667379737,0.23949021994619452,-0.49781195661625366,0.2416307693828161,3,2,normal
-0.13714661036390183,0.7359334604999983,-1.5030506397534005,0.9994149433312292,-0.45952673118851967,0.8553230165102578,-1.5410402018463858,-0.41925865545228824,0.07806322035021569,0.9014526289511642,-1.217531069171858,1.6674442559087566,1,0,normal
0.4826634750035152,-0.5257754184031072,1.2173020341880805,0.10271102302262979,1.1582969807112296,2.323147808746772,0.7685283776585802,-0.5266794635700347,-0.4257074353911484,0.5825543463784663,0.2879054170937578,-0.8330299635529903,0,2,attack
-0.6681095156259791,0.6657820292821932,2.346698370861299,-2.630367381307939,0.7239161378227218,-0.2110471830216745,0.7793647137401867,0.8677213780652736,0.05283808503854799,-1.0159735470221951,-1.3970518935029943,-1.8741786885931646,1,2,normal
1.2223456002349162,-0.20970236575699505,-0.5402749673585558,-0.27771941082639356,-1.3394677183965722,0.3046145795210598,1.3187014960437955,1.1384606307709628,-1.5657990712277199,1.3635118838089517,-0.7642368947263355,-1.912952265242765,3,0,normal
-1.2294722354106145,-0.9665141112450539,-0.006947840340038995,-1.0319754729862467,-1.5102454607799285,-0.26449403513130215,1.9239039427935722,-0.7023508823886009,0.46425351544974536,0.0799468312294659,2.658067714194574,-1.8982581596594787,1,0,normal
1.0953816472149789,-1.2813849958001136,-0.5924152540201355,-0.0966816533934121,3.1860862017980405,-0.763005310283326,-1.8888841132483372,1.297363600341226,-0.8392361083301031,-0.24295035369069207,-0.024041822944256528,0.09698878558089244,0,3,normal
-0.1701386283568916,0.26775643597405374,0.38735960223574356,0.8539228182179395,-0.42723313589966194,-0.7487301433549036,-1.0635502786670539,0.5927089001691989,-0.04629814519611519,0.553204571427833,0.5381962418158713,1.685876933354605,1,2,normal
0.207505095567036,0.7523713166900629,-1.2025898262948136,-1.0803016761899533,-0.31173774580436076,-1.2167176758144471,0.6895932177911476,-1.3330527882743206,0.06838301873571341,-2.458095621499601,-1.1047797234053454,-0.3390353362689471,3,0,normal
-0.2590396868652247,-1.7916457433662756,0.10866907909246433,0.9748640287032837,0.6482404052376027,-0.6585830644379084,-0.5872968381685387,-1.1863002816994421,0.6297879946119584,1.4416588377519548,-0.5259554755005257,-1.6978180669477803,3,2,normal
0.20000424260489844,0.7077694241065318,-2.722123849725093,0.1383560396321788,2.164386979680841,0.8206476094296886,0.5504588009224559,0.40212127732506614,1.06189882129466,-0.941167253806946,-0.8453378024369931,0.4075693088941364,2,3,normal
-0.6853293444903695,0.2587024202147942,-1.9125624836303927,0.7579546637146332,0.8469714121998347,0.04367790209725824,0.16442294114809472,1.620651085703243,-1.0830946278820044,-0.9131566562852219,-1.093806293915453,-0.4247301712555463,3,3,normal
-1.011149921008371,0.03704847718893948,-0.6507368059990858,-1.4491491196553736,-1.5501777361747358,1.2116571068814335,-0.0688788179535442,-0.2273378243345642,0.026569585403011874,-0.08236211584414706,0.7561129355823649,0.5622590281952345,3,3,normal
-0.5897077463538707,-0.8235270572132807,-1.0867207885610957,-1.251131296211583,1.4021456400703438,-0.9165392346644177,-2.019045793541647,-0.8434844618575306,-0.7883616943116903,0.3298516141597998,-0.8859825857853795,0.5347530670366708,3,2,normal
0.3885269746015548,1.266829518034956,2.1669930790735243,2.8489041251309275,1.3508346428827653,-1.159700321276627,-0.40419939300153224,0.2476461430113043,2.068127503996313,0.676620332597177,1.2033724046027878,-0.17395188161180125,0,1,attack
0.5902844963106667,0.7181922559702306,-0.456308495463091,0.7773279636543479,1.0708105937262629,-0.1583657347558159,1.0181465341188236,1.6479547103201122,0.0662999384768124,0.00032217777672205493,-0.3096172950264396,-0.6193094570259723,1,1,normal
0.15615114664567092,-0.41182685182716644,-0.31198065840032324,-0.7734912741603239,-1.5360480999576407,-0.9372440917263055,0.32899742995708076,-1.1831383739268204,-0.6479738935706177,1.6421601269500776,1.1265157644771913,-0.6934160523646297,0,1,normal
0.6033794267753073,-0.6502859445071476,1.627589166597494,-0.5856936953375567,0.08171670036088649,1.384808616249739,-0.8278767594863011,1.3045342076386524,-0.8174513395714376,0.23819574487036327,-0.29561469284559994,-0.08850503660355542,1,2,normal
0.16009030002886393,-0.07434439205850371,-1.0173334091236028,0.8665798234085362,0.7205393289487745,1.2898365242331404,1.384948156829288,-1.3439678262752042,1.285511286548568,1.2977346737804971,-0.5322431935575963,1.0374046058699675,0,1,attack
1.4682311715954466,-0.5388355035053808,-1.3787593492234531,-0.35953652621000887,2.7927070644123453,0.2362604528002979,-1.2142094517444664,-0.25294727240699827,-0.9940522145966545,-0.3992805958166949,0.09514411855683473,-2.5615970049418655,3,0,normal
0.3604007814793848,1.414669637031431,-0.19736880534650283,-0.3826949229049677,1.093590445914832,-1.2666386260594742,-1.2458901811085736,-1.390536062696525,-0.15737795686565786,0.39402697761720096,-0.0905729440598697,0.5497762232980942,2,0,normal
0.8307471999624526,0.49658526727151686,-0.808653806541262,-0.2680876891363307,1.2482471952104277,-1.0466865932236276,-0.2534237044859402,-0.4172738136648339,-0.18008865896098747,-1.0756684917319161,-1.3493335025873108,2.5559639797494897,2,1,normal
0.9459010850876679,-0.7126172349773741,-0.058964976441488445,0.6767085152932947,-0.3436609788816844,0.6165235659531932,-0.6152846933101452,-0.35852914981974177,-0.08476875584139905,-0.45749551075708783,-2.4528224906241767,0.021152084029819322,2,1,normal
0.2616220157283204,0.47619646849495534,-0.9939850082983515,0.34424736559604374,0.21570058689022237,-1.7688178714065845,-2.2019353054592576,0.4764705846359469,-0.9541853361689147,1.002206327843195,2.1403712963308665,-0.5827269059660563,1,3,normal
-0.6893947564106411,-0.011696125084256567,0.6747466768853728,-1.1357992136097983,1.245471662608463,0.9912215776129116,0.6611064783417149,-0.5398409802236704,0.9163020958440262,0.8572128600304827,-1.2009708982849452,2.090184299341893,1,1,attack
-0.3005273327313031,0.36918597421563615,-0.5241554366393933,0.3848967715361797,1.1600824175921451,-0.807368657989549,-1.6554258676291664,-0.449985486635037,-1.3060460129276519,-0.7585727272412486,-0.1264830052305647,-0.06415740265326547,1,3,normal
1.2907289630252183,-1.0147983511486063,0.35270840352756405,-0.5075674528862236,1.3650570351779499,2.5276984956674955,0.3034397358351804,1.6741910514500835,-0.5302055914390346,-1.5994065087921139,-1.2703985159995006,-1.5790899374668566,0,2,normal
-0.9547493221007403,-0.2402187042132269,1.150103445227886,0.6998591122961901,0.4637638409193796,-0.4237360698338129,-0.7219123202213226,0.03326465564619614,0.1376667303049745,0.25621120936717895,0.371548124178439,-0.11761395213927055,2,2,normal
-1.9246562955322037,-1.1152390311040328,-0.8256143371723083,1.6967327052983534,-0.42727247177293937,0.6750341297244501,1.4642384765748897,0.3333636510021679,-0.39279156464456166,-0.2932210083862352,-1.0223926858872647,0.3065388941759594,0,2,normal
1.1280697985471762,0.5698114114359822,0.7713171674623776,0.7176809513700894,2.0040230661258556,-0.6338131039140035,0.15752385250715856,0.705476037276623,1.2472663160682518,-2.427642432904492,-0.5223416005165324,-0.2084936714388238,1,0,attack
-1.0294203154863504,0.8471343288062465,0.21898951628092736,-0.39644963264085453,-1.6341204956596926,-1.3237723239966528,-0.9853347109526732,0.4548120323721189,-1.2192609040926827,-2.06942786253275,-1.4525175186504722,-0.5919622291551083,3,3,normal
1.6732755866586053,2.501930468959426,-0.48137887072378976,0.9438583769016881,1.4012109848665038,1.2845419925046406,-0.1167856780660398,-1.3020793007684996,-0.4883043587990146,-1.8619823700235354,0.23863568700466256,0.7774939930694144,0,1,attack
-1.8929904711406922,-0.05181922389622582,0.29235568554342106,1.2493208883052556,1.3786231161636688,0.8012739412572646,-0.6867340670659573,-0.36834766146633624,1.2042926924641912,-0.6059065462723601,-0.042247912663983804,1.5608105363804599,2,2,normal
0.12788153882110123,-1.3745153197568785,-0.29558973756154877,0.6393219647950955,-0.19033092178425606,1.1613120750907435,1.2820095585140292,-0.6508179436030025,-0.503658704702031,-0.10430659575802274,-1.2017639642543272,0.37781831332861854,2,2,normal
-0.18022712324646878,0.7852035035101697,-0.6001034252646996,-0.8797666795459117,1.8377834984889838,-0.8793261301903155,-0.5856227308732306,-0.7324875974296495,-0.3046237405924261,-0.9160462737001048,-0.04498622165490708,-0.7048763540915146,1,0,normal
-0.41687511316428527,0.3628179895675299,0.7015808227944557,0.46696974521172485,-0.7360664652832664,0.39716440175250245,-0.12046289261606859,-0.10632528972641878,-1.722369218439917,0.6713172141180717,-0.13960538992016075,1.7062674460281635,2,0,normal
0.6401019196602797,-1.1165173640016934,-1.3721935690456026,1.150978450240125,-0.8748712382962425,0.6844912074563376,-0.3007708836846283,2.103834734585469,0.0801934318184874,1.5157731979189017,1.3341471710738424,-0.4610562377840195,2,2,normal
-0.32605162937495924,1.4895120514085114,0.007078177486624,-0.860679215850809,1.2136573526519552,2.5848465054587604,-0.023499387586778504,1.4184124544210006,-0.1398549236535486,1.3811515428893073,-0.21146916317834152,1.363629613548333,0,1,attack
0.5778641935301637,-0.1468555652024755,0.2758710132753643,-0.5007154915847517,-1.0825896458679949,-1.010638872726471,-0.00861059730177641,-1.007309186419288,0.4934638529100778,0.587250785843145,0.528747238860147,-0.4369447505996409,2,2,normal
0.11835167154327166,0.03755838422650833,1.3873540889845897,-0.7418610417423701,-0.318665534371544,-0.16693499608798537,-0.0755227993695258,-0.6816708967212208,-0.5605828502899005,1.0851173547315647,-0.5692654666141221,0.9872300703930166,1,1,normal
2.1058890058659894,1.3492489895471942,-1.7379446806508623,0.8446711583359807,0.5495827162166025,0.6156253460406467,-1.5560507447270135,0.8302190295547509,-1.0191207210718047,1.3645570475781936,1.1414307079153243,2.618600948715531,2,1,attack
-0.3192352875267829,-1.4587770599669236,1.1142841091386486,0.9391269999121149,-0.3186103220531857,1.4249009329965237,0.7527135417725911,-1.2252512860760654,-0.2889012337639637,-0.3836996423895763,-0.04746341883039531,0.25417684586906436,0,2,normal
-0.6339845117683953,-0.1358189783450904,0.6513443098571721,-0.01238727010447558,-0.2092332371431524,-0.24376354705091768,-0.03948580667080763,-1.8551211932589877,0.22104096384489225,-0.9681957119118773,0.1666085634636819,-1.4119273436107618,2,1,normal
0.9827264199908915,0.297416832438138,-1.2909390262872338,0.29772294387630427,-0.6992514598853465,1.8621320842423088,0.5519067344413408,-0.7357703893473474,0.2864892108746442,0.02928066224266751,1.260626937802531,0.42016031302876483,0,3,normal
0.5776007494812514,-1.0541451321939364,0.8575826414698775,2.1598602050072206,0.7033927544226651,0.027037162574165666,0.23072504349434422,-0.8860153981664777,0.2533527115569669,-1.0310119928483947,0.11177786830047856,-0.32031245109559686,1,0,attack
-0.7628656096061754,0.6486691422256308,-1.421343706832415,0.0282165587458559,-1.2564974123803219,1.8992776072918123,2.0443288287114134,0.9158250166688311,1.9667402609429763,0.6624847265386291,0.611545273008971,-0.3565219173414193,3,3,attack
-0.8269064839414192,0.19622208831672103,-0.46731811941498086,-0.3699519942191985,0.7968809675919508,-0.060071008850770505,-1.4936186435569445,-0.1498139092597039,-0.6971672138758627,-0.22878163671214083,-1.0322670886658796,1.2654510424322483,0,2,normal
1.9679852937425177,-1.04672579963783,0.7133212284586838,0.6625272342855836,-1.0100986578427684,0.1653015021385865,1.475123218103842,0.910576503190698,1.682334822443917,-1.1079763319927733,-0.6849078339285564,0.3522082257525418,2,0,attack
0.41434981055030595,0.0834614562818916,-0.32882025142384913,-0.35335006589153145,-0.5514952890134428,0.5062891535129118,-2.705317449266445,1.6533365197444536,-0.4750486859908982,-1.3785929516770352,0.5954136086628855,-1.3552217360962875,1,2,normal
0.43523112759126875,-0.3536110252051517,0.637843125469752,0.8354861437424898,1.339806666221218,-0.45129842813905846,-0.24807213592636077,0.02986350527742327,-1.373440942450322,0.6336269136767813,0.16870832907310665,-1.3013225094744718,0,3,normal
1.2491610705825484,1.404166634395307,-1.279275735728899,0.6095300834857798,1.2876684166959524,0.8764917264298382,-0.9449921265957895,-1.361892100847671,-0.08067025698675659,-0.46189603891691133,0.025706058403624766,-0.06977847169037851,2,3,normal
0.5600059976463015,-0.5285683374911109,-0.13033953615784427,2.9990635644996537,-0.09943142303953713,0.7662734907985974,0.31756021696830145,0.2464880849806187,-0.8841350052967787,0.5542878500339838,-0.024892123415010837,0.8436720675423006,1,0,attack
2.076913827784721,0.20986560745387275,0.7863034623463216,-0.9989746867225281,0.1410852967233856,1.5753826009546303,-0.036278283158419515,-0.6136158414786417,0.22960432161954125,-0.16168460781409094,-0.2177648665500605,-0.3499865905389741,0,3,normal
2.0091658691311207,-0.8486181898636668,-0.39064124335299844,-0.548240364395613,1.2621115000848593,-0.2569741346867184,1.3261259497440676,0.1882200070329179,-0.001745488329690802,-1.4392126075897325,1.2328313917633746,0.5623341667305168,3,1,normal
0.42633812368818663,-0.09617636185561874,-0.39546869406481366,-1.2468877170527668,0.9669301794538049,0.2901197359848237,-0.33794218401761383,-0.6091782213825759,0.13723364422900047,-0.06966159029241013,1.6641099071752175,0.7951828838336211,1,3,normal
-0.5747274682837028,-1.0841947005247288,-0.2144572248341514,-0.8900456227533808,0.09774206806660735,0.42605662762344143,0.6586355550421837,0.43909363803175605,-0.1668697098481103,0.6246941526389796,-0.8642482395045736,-0.05282397840264155,1,0,normal
0.8386164475050616,0.3147051902474736,-1.2439250847809251,-1.127317413330213,-1.5866607636610914,1.8330591910436376,-1.5202095175431407,-0.10803203266165197,1.8672458133047343,1.1083138359702176,1.3488130389011361,-0.46695231853646924,0,1,normal
0.7714552369154539,3.0781832472384982,-0.0034282175409265448,0.4468066117404053,-0.281596026440881,0.02079235295293288,0.4080254626838785,1.4213756434525056,-0.8654747381250997,-1.3933882432953124,0.06109648968196724,0.24102975876570923,2,2,normal
1.4472238376431215,0.753767057327264,-0.5881070446006245,0.6031578486420496,1.1526423398404582,0.3227619073692816,-0.303257560736273,0.713199560771981,-0.31848768370741,-1.8310293841547256,1.3667794325013394,-1.2543545212543017,3,1,normal
-0.2999146088095678,-0.2818320826785054,-0.30168095153290236,-0.2518035051474771,-1.4079707762566351,0.5573773855248043,0.058324719789990494,0.0695429395117539,1.1015083279090478,1.1286895457004533,1.3675244918335254,1.878834563347447,2,2,normal
0.48127392264689023,-1.5102162716700132,0.24072955786936126,0.04081315530626745,0.0968656240191015,-0.572486062394574,-0.860974200785799,0.8243263241297243,0.9978534931459274,-1.0898875504637509,0.5675030386804722,-0.14109055824526717,3,0,normal
-0.35990695063157346,0.7120957962277115,-0.02361017459237006,-0.5268955201273203,0.08266097331228676,-1.970350735293817,-0.566779903732893,-0.4150268307178569,-1.3743739937425028,0.19965382923421873,0.2902805917737292,-0.5823673059278233,3,2,normal
-0.1517419900043813,0.6904918145781889,1.0761768300395917,-0.7446040615886703,0.353576340696515,1.050766087627367,-0.017603622998640833,-0.7600975848253446,-0.7563065700305923,-0.31287606521098366,-1.024671597860571,2.020067069806051,3,3,normal
-0.563594256803792,0.38371930778844204,0.18796853271663513,0.640997483792763,-0.3821176570837565,-1.2964804219148105,1.6397176404920755,-0.07751930228046511,0.1169981438691781,0.20036023055502963,1.2616794581819455,0.7690678736894411,2,1,normal
1.174064313578272,0.8228328484195139,0.15384670049539448,0.2552687939396635,-0.7417651439547615,-1.9371566491497856,-0.2377681326169304,-1.0713318275358688,2.588639532541408,1.5604216853428594,1.1721856707450518,-0.5491815638138768,3,3,attack
2.060317268060634,-1.702633218528604,-1.2068897435037433,-0.7793230025985741,-0.9564529644397771,0.13407187969537238,0.1954071326702732,1.9115464638389117,0.9989392566528211,1.222445607334755,0.42002828164959954,-0.14565883770371663,3,1,attack
-0.68482219277553,-1.5075561512282898,-0.8681417950825945,-0.3792773245430252,0.7644023606506816,-1.6848660706087986,-1.3647129188749334,0.22106476384654214,-1.0473843306876167,0.33695221466599795,-0.41017461754565454,-0.7502853900784552,0,1,normal
-1.331569666696742,-0.09247781239700711,-0.7272410768739086,-0.6115347675492956,-0.6359034630891401,0.1876786983739694,0.14922964639498315,-1.7129211996383018,-0.16048982674617002,0.3987328445760572,1.0394617781712492,0.7832769565629496,0,3,normal
0.20954380505701523,-1.1424495388486358,-0.7699397816270847,0.9145488547160262,-0.7021661902441532,1.0262646142280853,1.2739675027107775,-1.0621759879800494,0.44061466086845996,-0.11207314854653178,2.027703646541293,0.8380459588414887,3,0,normal
-0.5104593966990858,0.40730846501659385,-0.9176837376394822,-0.1514825234540584,0.2049894176197414,0.14937132048920326,0.30776852930472404,-0.9069403290648497,-1.8532797632920899,-0.362914786301824,-0.8923571785071335,-0.7001841347419209,2,0,normal
2.137336020048613,1.162887985930516,-0.17445115837117137,-1.4334354693715652,-1.2981957858218025,0.36119607530687625,1.0693488162026488,-0.2885149312958642,0.1350996684309653,0.2548057321719109,1.0661931913167966,-1.8804713498236718,1,2,normal
0.15595228417809592,0.4055309396693164,0.9500920974238495,0.3961379930381753,-1.1006968927549776,-0.5805535747353854,-1.5241825933994875,0.19320247633808044,0.1923600343706529,0.511831619562478,-0.9698719868992316,-1.1402306824373305,3,0,normal
1.5255985568452461,0.1821821006705711,1.7460034214708653,0.43944414853320124,-1.4617071548886484,0.8054167826145863,1.2351303301279137,-0.45072343592503444,-1.924658649543978,0.6652413751640003,-0.14035257189162542,0.2775930050167772,3,3,normal
-2.6865119295384985,0.45712506269790815,-2.750515806798379,-0.867406335005274,0.8859014139300078,-1.8244771529263604,-1.8638027071363261,-0.44977899335237653,1.6466600786684504,1.6156522730863847,-0.6082825247328483,0.9995227277248219,1,1,normal
0.5789161317446107,0.2609816525837876,0.35438824342475944,-0.7261088283281923,0.8000440591328161,1.0599681423540475,2.6999110321378934,0.9151961120905852,-2.454719734122884,-1.2071017973078724,0.33010467030349916,0.06506912089235681,2,0,normal
-1.8644094883871256,-0.1439666414314209,-0.36271595241040244,-0.054278708897502914,-0.12726554273888452,0.9157145928609024,1.4595038738646486,0.6786376997094532,-1.1152967712701427,-0.8681769624525881,-0.666944954024727,-0.06094503172722538,3,0,normal
-0.43121488223208126,-0.35440504598183725,-0.9268618689122033,0.944921277003172,0.8471816787957207,0.950401570385296,-0.0843617819366441,0.4508784414873529,-0.9150045447575238,-1.0156728289296924,-0.5475899435580468,0.5811843482629601,2,0,normal
-0.15240902769506454,-1.1454587263523939,0.08997561210312803,0.4198526897707232,0.16032857624651692,-0.6690400774601691,0.06208313628986076,-0.42389490291531196,-0.32779061865487175,-0.09169298400258642,0.7513715983602517,1.82328884650128,0,1,normal
1.556744156347998,0.6267432391050428,-0.40158413408703963,-0.31002690509185754,-0.2670179188103545,1.1510408153925507,-2.765319364121303,0.25780175753797147,-1.9924894298360938,-0.003870179842168258,1.3245449734515227,-0.9109410099702434,2,3,normal
-2.282867760131898,1.2971206879121742,1.5058223980117111,0.4985770575690743,1.2552682934262824,-0.8024897802265831,1.1726149917958015,1.7006241997856981,0.6401789308577918,0.2810641849474586,1.2832883388517644,1.1319475477604224,1,0,attack
-0.7488273889133079,1.3600266486382584,0.7446196832152544,0.15869479156249844,1.3037188925193453,0.9254524962253332,0.7459345151871914,-0.5078481977509033,0.8334746199669152,-1.108514412301999,-0.1264491227714888,-1.693261276985647,0,0,normal
-1.7043918996055545,0.4430561033239018,-0.08200669955905049,0.08475440124556048,0.5919499767487824,0.34998368779746,-0.886384351502139,0.07343178276064566,-0.06707020792574978,-0.519970408800933,-0.12454843976057299,-0.3654160240962872,1,3,normal
-0.6491088376422087,-0.3342605684970176,0.2349822725962398,2.0632253358554142,-0.8169824479986136,0.5219173594288558,-1.4613287536755386,1.5900248225022127,-0.33337532833677336,0.13887565846877753,1.2774191824530536,0.9876771429401447,3,2,normal
-1.4918593805895703,0.5551928698768974,-0.22739227707520832,0.6191235485453414,0.15238438770182497,0.7360392732863742,0.2919556385104991,-0.13985433162572086,1.1769789888757418,-1.5440465798486414,-0.4330600784097928,-0.9555990113573107,3,2,normal
-0.14387154248715003,-0.4299427303959654,-0.1480479953537162,-0.4904381983527802,-0.46959800720274825,-1.6440516099343072,-0.03766949946740159,0.3083049095236414,-0.5963528197254155,-0.6569375616910381,-0.6445764692431349,1.67904090351525,2,2,normal
0.18801780255100786,0.38773964004757955,-0.3004057185718786,-0.4999450767603937,-0.8785795397862548,1.5421277906365094,-1.7004302225916876,0.29997028109836266,-0.024041568628168242,-0.2556222959903867,-1.5664075281148082,-1.235025430725615,2,2,normal
0.9816647225275232,-0.6937329857087203,0.8790978295691783,0.669728695445833,0.5793836861116928,0.7614914886480191,-1.210266582398806,-0.4740597148279437,0.6786007898297017,-1.2623622806340093,1.66460027699844,-0.5596384207746075,1,0,normal
-0.06431133756908987,-1.0251259578787193,0.36580879174239184,-0.7338069980125075,-0.24250234233672782,-1.138723286136307,1.191756725953611,-1.6326267901996097,0.4511191704032808,0.23707015541665424,0.4377991401279541,-1.0206523209921416,3,0,normal
1.033740779680656,0.9643871376527546,0.15958145076011657,0.3126617481986348,-0.15735924086150263,0.6430504577864755,-0.8211991465880474,0.5548562711366947,0.4063264472423496,-1.4100284309015867,-2.624050479251208,-0.11722993046248846,0,1,normal
-0.16156005055105666,1.2180508898492588,0.057596806307103565,-0.49779761538264544,-1.3597984298699786,-0.08826368230603658,-0.5838378815798122,-1.1027196763993685,-0.12041668565724682,1.056987232484185,0.09276256972517734,-1.0490626538993348,0,1,normal
0.3272729922883131,-1.0980677001180132,-1.57767762267563,0.494254386932052,-0.5503509525557123,1.1135709377951526,0.31102255625021874,-0.8064202443092616,0.21930528604931177,1.2955149941392483,-0.18871357964260987,-1.0611307211700893,3,0,normal
-0.6614577328365362,-0.8130609983165433,-1.1809879147762212,-1.2924846878061964,0.4223796497945787,1.1094558600155815,-0.36188354890642976,0.7865822722196931,0.9081969097886737,1.683960992649587,-0.1863480923945509,-0.3494163723249047,2,2,normal
0.42124610851914995,0.09757681739308861,0.3020370702905364,1.2965584560032306,-0.42927096065800385,0.21653809754282186,-0.9812393142239065,-0.1594366601211715,-0.673309204617918,-0.7575424532495247,-0.21971470836291232,-0.44655325398506635,2,2,normal
0.37157630865815144,0.8038355292807309,-1.4923624495099834,1.003358559759837,-2.226357055348022,0.24745245202827512,0.7102939772080993,-0.6507130252482807,-0.22909966823091246,-0.7817719892257678,0.8947509527987912,-3.172167591700985,1,0,normal
-0.9712059361529831,-1.9369926265030952,0.1883966056342687,1.2992185553830675,1.191577271390824,0.6681510275884744,0.24822638419435844,-0.7660616997767863,1.2184129183039987,0.6233141286171642,-0.8443057566706456,-1.27956467470385,2,0,normal
-0.6286759141200913,1.0818130058125723,1.2508603318270646,1.615795513653242,-0.7754225117329068,-0.35985649887990373,1.3827041265265452,0.2200551549419594,0.7642211964988305,-1.3209472957512967,-0.3693920074756979,-0.015788982408334904,2,2,normal
-0.3539161706039926,-0.41373066964502936,-1.6323400413420035,1.6311041700491202,0.14898529827642204,-1.45330579111492,1.080753602231607,0.0724339931469409,0.7238220580266996,-0.18416214546802914,-0.7729653455824085,-0.747350072910258,0,3,normal
0.3560312907656562,0.7881916185146177,0.5041234836023769,0.6608067084168917,1.2199158582416836,0.3056283488812294,1.0241134321550929,1.1294761188530207,0.3166235362279082,-0.0500045100944983,-0.40689153074873347,-1.1735324432936638,3,2,attack
-1.5261724081394603,1.345597940831942,0.020961430299332787,-0.5131780312828351,1.614301236254977,1.0093518717395726,0.09905219066092955,1.046463848199626,-0.1478418185362738,0.40362191665036745,1.8671363028264476,1.1065469789984992,1,1,normal
-0.22433733726693683,0.7445355372138595,1.2342433678949096,-0.06323723867731229,-0.36129907591975063,1.9344315901502698,-0.23429639255075782,-1.2547327457272854,0.21212633556628605,2.362674790329196,0.7100404600554152,1.0440173368785293,1,0,attack
-2.0755177966703164,-0.4536764883947056,1.311841611872533,-0.2927125801078284,1.4318147012790787,0.5956263028240133,0.5189163719505074,1.8056005941631366,-0.3764414671824904,-0.33923286174036543,0.23738564914552485,0.35122945098423114,2,0,attack
-1.5643943534799674,1.3632557878239946,0.3628305952942548,-0.031274745486646105,0.7563479190767821,-0.2605744003258669,1.3435866594533918,0.20141831256557013,0.8579524508862134,-0.7495509886127838,-0.141556416988213,0.5075471682915916,0,2,normal
-0.8107190024184114,-0.5261436647916048,0.08020817989616481,1.2440830752253689,0.8918531344299717,1.0341750098082156,0.43285164586420394,1.0305871063739778,1.6687016889260426,0.2956408939017518,0.5622171781542359,0.710076038816121,0,3,attack
-1.8760239629142539,0.025167145051443213,0.5416650371418806,0.8767859300100186,-0.1990332029363526,1.0962602292585673,-0.519899111456324,-0.057244922531303054,1.8007004087531693,-1.233798418982251,0.03555955675896325,-0.035322687149201726,1,3,normal
0.01981001654947119,-0.42536269935863463,0.7554419984434033,-0.9658053541477637,-1.2187337789210417,0.5796923724646718,-1.0941705962812904,0.4697948563001728,0.1147539151776048,-0.5939253449000026,-0.25514277550367714,-0.011385617050222866,0,2,normal
0.5340321754932549,-0.5485732974280395,-0.1290196766781971,-1.3528430059839949,-0.1981047790980114,-1.8433180245547023,0.025136308607764467,-0.3866994330993251,2.157192322954056,1.3472278078928825,-0.08893460376841374,1.0062610283189735,2,1,normal
0.3399701138556178,-1.092537393641397,-2.370676497286687,1.1574799770837125,0.4367339276615804,-1.9083480102759462,0.6802401837140623,0.9549724152768955,-0.6423270442079901,0.8287113246123228,-1.6810209609047655,-0.18198912364983838,0,2,normal
0.07097716726731478,0.8165648029194601,0.4321668174237172,0.25540725457915964,0.5878191435383235,-0.621997502931686,1.5088297680052927,-0.30993828521080297,0.8233683710402663,0.025350030621998167,-0.21744073311543236,0.6135103204293195,1,0,attack
0.4738649224971407,1.3701431895456064,1.1009143487642785,-0.5402453459980155,0.5280085718917732,0.12923451908473832,-0.7683157032924454,-1.0731522706870975,0.28125757241765154,-0.5083956312259841,-1.3602050463618391,-0.06889563922972447,2,2,normal
0.24640662812669964,0.12446283584579172,-1.1797309992708171,-0.5554064940085486,1.3919882142079492,-0.7464037575468032,-0.3040710020633902,2.3262774681237124,0.3696344045319828,-0.48128176349228036,-1.9240677395648393,0.3274093788166127,1,1,normal
-1.3709257436202442,-0.008423336951470486,-0.8505656632717548,-1.6582408235540547,1.6662879258088865,-0.09336596581376172,0.9308778814488049,0.7498761496369628,-0.7201140977631677,0.09833443142210112,-0.34816335681391297,0.9722111804283812,0,3,normal
0.4379618215754725,-0.34750583296094434,1.664859168662886,0.5246642154935934,0.4673726163328802,-0.7775465122994599,0.41225176908421896,-1.4599486353188647,0.4664293236558085,-0.9310777506507752,0.18727186130468504,-0.27374465076469623,2,0,normal
0.23181086176796964,0.36050161962623284,-0.05524509080174243,-0.05426218676437943,-1.48680188297737,-1.8979169157429885,1.2615890637044733,0.5739836936138984,-1.4791494100778657,1.909203879544719,-0.714395745731714,0.5109625645468612,1,2,normal
0.4252309099879812,0.10855601724430916,0.6084699106090312,-1.37392060348667,-0.036140623509993655,-0.25405470231674987,0.08756322238215686,-0.27417703204168686,-0.6420632654231754,-0.7311651633663745,0.8846755938695922,-0.8480016023498815,0,0,normal
0.36246030425729264,0.34988157214323673,-0.09789948935607062,0.42337025579405824,0.5420875701916709,-0.5321553529863492,0.33616536546377945,1.9055531923890876,-1.0709092566425693,-0.30240893560462623,-0.7669296287365939,1.98501132058481,0,1,normal
-1.402787477766525,0.00708364187836111,0.9291393009297302,-0.8681995200184329,-0.1360122765841382,-0.711968859798979,-1.340429464863339,-0.0710414743009892,0.49319507019010866,-0.3984163338757745,0.16311853763931575,0.6822976820109357,3,3,normal
1.1923875432940525,-1.2345608662176373,0.6112541790379196,-0.6212530801887488,-1.8840895217565699,-0.7779816300885876,0.6399206350789274,0.306259277961938,-1.0965833636439337,1.6042023982874605,0.4019527360403122,-0.06914451070644362,1,3,normal
-0.5419592730291821,0.41648827550106365,-0.3877573858669931,1.1323708379991686,0.31260774825572846,0.6136364454251854,-0.30579156311379946,-1.474984270697301,0.5259886619914896,-1.0071829747918426,-0.10619610052483157,-0.014169007729743936,2,3,normal
-0.7790749472059668,0.8866282059146613,-1.4244853959288086,1.4865594928354329,-0.5889916615812802,0.9603053123736943,1.2884215877314045,-0.8593561796441156,-0.7332075797852455,0.9362873372655364,0.18586216546010495,0.08203442015733696,3,1,normal
-1.8219311315799147,-1.6355411583197903,0.5347764739650103,1.428234592303951,-0.7057676036024914,-0.8609789284822372,0.208204404510693,0.46188241720949474,0.5596369516265518,-0.43798019777274416,-1.9349254972881331,1.45028044898942,1,3,normal
-0.49380604786749693,1.249466378436714,-1.9788359326177696,0.3690779911548148,-0.49690357719209716,-1.078648257190441,0.9647982809738076,1.2833173388310402,-0.5823800117240262,0.6427867419247612,-1.0675255886225632,-0.6142028793366923,3,1,normal
-0.24361616575933423,-0.34500935795527016,0.6342753357070584,-1.1983274436304276,0.9615781348547943,0.959838556264909,-0.21612678115268646,-1.1756115102897569,-2.360449054921319,-0.06256481205227905,-0.7108115201426871,0.10166366102433746,0,0,normal
-1.047295193987063,0.0026454311854760054,-0.06105891196565389,0.011159354751657911,0.2832775922252909,0.28944411642351886,0.9619127617450929,-0.7762460378788001,0.7140303276068805,0.15949428980050726,-0.413343900411299,-0.9858373900314374,1,1,normal
1.4455571910454263,0.2382880655832004,-0.5098780407222498,0.07379489587219541,0.006755783106504292,-0.5154523045341743,-1.3626960387643154,0.15392705319596306,-0.1586512042217256,-0.27633217528496185,0.9771281535251631,-1.2954028336641117,2,0,normal
-0.9407858805210577,0.1621349681973485,0.8276733234406317,0.6081390015761725,0.7228606928136514,-2.171274302297905,0.4945484049189525,0.41625451949316145,0.6795238851549538,-0.6754986825842129,0.5085235269170955,0.9958413398478662,3,0,normal
1.5921654802002136,0.25613703676675353,-1.3081039011171838,0.060688568590108044,0.6437862549206075,0.5143359730629916,1.8992144791269563,-0.19071844973346722,-0.9981730879473412,-0.6206097120284636,0.6572608143901987,-0.7835204065456183,2,2,normal
-1.0210205602350184,-0.8176340008006802,1.2033354957262536,0.24408605400520558,-0.32309881456422834,0.8487117418244562,0.6886563427995472,-0.9531522310620327,0.8312250232950014,0.2510139739578011,-2.0266939457702686,-1.1612762106839263,3,3,normal
0.2689298171254577,0.491765566470709,-0.2719036746581539,-0.9742370769485721,0.25769176948072464,-1.7951876638730218,0.5631966483752406,-0.13542960592907724,-0.012794793435748509,-0.629102314633388,0.83467489325496,-2.28681315522702,0,1,normal
-0.8412154288046247,0.5884961263099628,-0.6778728942083767,1.462584221382182,0.4387690301345996,-0.7348209160399445,1.11693354898365,-0.06706612113710089,0.6008870060437111,-0.5814476317037154,-0.5641921842616839,0.7322068157685822,1,1,normal
0.13163548700897887,-0.7136423573922922,-0.8338586222830842,0.677853151397104,1.776562664867836,-0.7893418236439644,0.7115945758698917,-2.8307674867642816,-1.32752803923409,0.7110564170361469,1.6133780017399106,0.1067520322813496,2,3,normal
0.5845091990163505,0.30251604320962,1.0431089747874547,-1.0229506673991204,0.6760780512437938,-0.38042509702898153,-0.28620016620748645,0.04419022528619394,-0.1537862154851368,-0.7092869058242055,-0.20284371927907446,-0.8847126259326703,2,0,normal
1.5127818654023617,0.7412984564535546,-0.357977331371404,1.6214889277221292,1.3210258984020862,0.5330006004784867,-0.47664110354244393,0.30635687135525097,0.6169983637168169,1.4248020376028052,-0.1258830375138693,-0.5073238884698476,2,3,normal
2.317179477177646,1.4232572276068611,0.36144006587795535,-0.8565118924688211,0.5340119803049411,1.15741522320333,0.7985837847797117,0.8669868642968191,0.09544686054229844,1.176785030248895,-0.5439698242069161,-0.38267943722802944,3,0,attack
-0.4424943734823289,-0.5863406025215627,1.9785529844078056,-1.624285397303184,0.28395844685980526,-0.925018182156823,-1.1812498740229496,0.14750932785100018,-1.5023100362105302,-0.04349189908160261,2.3159856590081307,-0.06538964594094612,0,3,normal
0.49714527947009374,-0.7976602674498654,0.5203070367607842,-1.4349358786973097,0.22967428812882995,-0.08718058869876738,2.186566129486045,-0.05296829718999939,-0.3293066995648305,-0.5271091758858695,-1.1632356930822623,0.7875412474041193,2,0,normal
1.4616320887749428,-0.34725157658579076,0.7260395114530528,-0.33201730875978397,0.4185473533002512,0.4743509095672338,-1.40502378218194,-0.7504380656888857,0.9464152938935436,-1.879338902599252,0.021793283892933907,-0.32789702911740876,2,0,normal
-0.9100058607647856,0.0626175133893926,0.31891189186959745,0.548686526492819,-2.607338296787459,1.6837056343568566,-0.46425691514472117,1.049075836047236,-0.1108473365139768,-0.5695031775989878,-0.05468898650753443,3.171046592345931,3,0,normal
1.570183680129014,-0.33766142139781574,0.23457382359596346,1.1275974096857375,0.5869601315618411,0.09114254782323383,-0.18093167208021912,-1.068167260420336,0.7559923915205667,1.1065615839663676,2.2337595131398125,-0.5401561354729701,0,1,attack
0.6550332179211388,-0.027485054474932855,1.2599665492785257,-0.09410099559988395,-0.6429552074352124,-1.6845202737470826,0.7184997336153728,0.16453576228986105,1.1271933923937107,-0.5463299891736583,2.596219118307361,-0.7038169784634813,3,2,normal
0.5168866024350324,0.4187709283008611,1.107372682572806,-0.16137189272996386,-0.9129425374933198,-0.9843021457717125,0.8171423284541685,0.10745986416783718,0.3461889402977906,-0.8127150457416082,0.14119745368983486,0.21908904012866637,3,3,normal
0.6166655164838166,-1.4616139992960122,-0.7671973995542191,1.7292031089250024,-0.39295132164796354,-0.08392595905586166,-0.398384370787091,-1.4967206562960262,-1.0757201510474208,0.37070350619982256,-0.6720832622356478,2.0271350129053607,1,2,normal
-1.4981827767010785,-1.9423529397853903,-0.39196739702232375,-1.2095503085223722,1.3806630023682818,-0.42622329592556996,0.516354971971346,-1.4185506359162086,0.6607008361810373,0.6335830426168481,1.2333755223109806,0.213091814720395,3,3,normal
0.5095383197452875,0.15947817310492748,0.9166193765224027,-0.42076196694194423,0.5362085633249729,-0.5778740814608436,0.69755810328161,-0.2862858272107142,-0.6591593364661051,-0.6881750538051019,1.461259763631611,-1.567948265747384,1,1,normal
-1.4927995117877648,0.6269040007944346,-1.0062105414271996,-0.47645060754543,-0.5038166159958406,2.269320500658195,-0.6833029500728104,-0.732348609564204,-0.3993230750205363,0.22191962324740244,0.49136315850502266,-1.4800212482450765,3,2,normal
0.43852962069335405,1.9461958624531686,-1.7940144995372673,0.569667279877561,0.7633918273873065,0.1488134613631653,-0.201548904456375,-2.360848742554447,1.1943046270614832,-0.3300002401588456,-0.21178858385938426,1.2218616797110406,2,1,normal
-2.346045358789457,-0.07381244503374049,0.590444176677145,0.7144458201244263,0.6037013532918427,2.0342982508470744,0.2787580526694006,1.0139544842955728,0.768175071389422,-1.4846474812043078,-0.7712348432735607,2.080563018602998,1,0,normal
-0.27399029794733315,-0.06818953725854875,-1.3184733437338223,-0.34426647648452907,-1.3143272152127536,-0.6099754540381398,0.5526986425765563,-0.8319837317716284,-0.6155713244602333,1.3371658161178108,0.46960397290101014,0.5152995630213514,0,3,normal
0.9937694853719014,-0.5519061899904665,-0.3911857396042996,-2.059332206007331,0.7327080371495359,-0.20790615572083823,-0.00506876807893576,-1.0907766226033526,0.619097830392077,0.6257943723379703,0.18083721403156588,-1.589773177848445,3,1,normal
-0.843157517454162,-0.03511949774850082,-0.8377244364027259,0.38546854968179717,1.00545051053255,-0.7558933337616359,-0.1817225127574789,-0.6856404797329725,1.0308743189138676,0.8965529228346898,2.6616050217080645,0.00711724367352305,0,0,normal
-0.9340167965898212,0.409622289700554,-0.23239186016872856,0.1912312899067609,1.2440401296363242,-0.28457167427991314,0.723293065765954,-2.1159972635805038,1.0592049593906816,0.13575942325786441,-0.23751373921850202,-0.4979531671270264,3,0,attack
1.4193366166859114,-0.503215409101985,1.2718195744787137,-0.502647964238011,0.05114479657886349,0.36102058767820727,2.0310925224945695,0.2565772203724555,0.24470148294670319,-0.058157743366234915,-0.2919618074359871,-0.5963050240168151,1,1,normal
1.8190240139059761,1.4810273787730386,-0.6757838220338787,0.17301033142645952,-1.1641584188719065,0.9543289218951794,0.7006381800836283,0.1265988655670171,-0.7928559953589016,0.7804931719678558,0.6318792500147311,-0.16421275946194142,1,1,attack
0.752490545650093,-1.3288598185559186,-0.5835456002077779,-0.9362761228963267,0.12874908070251687,1.68252561513703,0.06295672703468062,1.1513427078843714,-0.017537948519363238,-0.3926415306103439,1.0262368166605598,0.5553270358864079,0,2,normal
1.4312909626598804,0.9859310773954096,-0.8011762591897936,-2.536780562765202,0.14768203176080047,-1.1665474351869825,-1.3998063144838402,-1.4717879722993545,-0.6324918321169399,-0.19155054512605385,0.013372218592428585,2.0523619683287673,2,0,normal
-1.204828549000387,-0.0033039244414369644,-1.2371441828100327,-0.9885748075027408,0.0731002072790554,0.42471083097556733,-1.2795213456251584,1.1496872844597894,-0.9246259641868334,0.9636085275682773,-0.04706939119686253,0.91100633650145,0,0,normal
0.571409055580709,-0.2819250264476856,0.48250841017552665,-1.3383713619063526,-1.296146221441666,-0.3522447692622993,1.3762055289095616,-0.7434350846307666,-0.5952491751840291,1.668150629718043,0.0464148224834097,0.003740221940450516,0,0,normal
-1.0471069583757606,0.06347076425056275,0.596107333719365,-0.05324557691570359,0.7670578194890428,0.3313537281082636,1.0527380037981466,0.8290739007996442,-0.13096926646767856,0.8719493375155238,1.8074009981408452,0.3061683305712644,0,1,normal
-1.218286925666121,0.19326611820095002,-0.19721453638700406,2.5931294621578815,0.7559952822813065,-1.1062816244033296,-0.18861416512464524,1.4606467112702974,-1.1635883882049074,-0.4946415773524778,-0.002478498066138146,-0.15296233912856308,2,1,normal
-0.5986162366029495,0.12461819593610046,-1.4183653590968954,-0.5871815331828381,-0.6080411383728348,-0.3115605263987172,-0.3104181946458465,-0.01539123230703744,-0.361733457480185,-0.43250564652469026,0.3452291044880349,0.8831558770510621,2,2,normal
0.944479366457273,-1.1702101634747495,0.22858455758626497,0.7278146033466517,-0.2861777160973602,0.4473728251348289,-0.24002140076677128,0.3562514724097224,-1.5436073492952735,0.4400055969399098,-0.503602648726966,-0.7570920865340431,2,3,normal
-0.32151704633483746,0.9636230506466619,0.9202919501395691,0.22544999584272318,0.8407095566510191,-0.43057328473966655,-1.2685825769515457,-1.8896336609916617,-0.055885909874788975,-0.17150756742989678,0.010796524116523175,0.04196047692341585,0,1,normal
1.1924060030883137,-0.9461153772268229,-0.8001192010449955,1.8900834868807224,0.7421508633834878,-0.32852103322811244,-2.0652083110974915,-0.8781965461258683,-0.3883485858045491,-0.11303142490628988,0.16015362865806007,-0.25752778400002985,1,1,normal
1.1158334389647988,-1.2176844312157868,-0.3156143671923931,-0.7115605428179397,0.7407353690523797,0.14329758059671202,0.7547305605056552,0.04313071859020998,3.717640457214948,0.6864739607725792,-0.7868100516131477,-0.03968223086018241,0,0,normal
-0.4352913395212328,0.7240650734564889,0.9375384454630528,0.35086510840240714,-0.21039611351476195,-0.6970917602590214,1.576239225482351,1.0907056211850947,-2.9541967282778985,0.043685832306678746,-0.8620659086892375,-0.39753019074960594,3,3,normal
1.6724648892747394,-1.15296614947619,-1.0593756291832641,2.436697194473123,-0.4912295168366446,-0.24987826137462793,1.1311409070115999,-0.5203589715527231,0.02689193838150235,0.23808899081149293,1.402258516986987,-1.6211350807691576,1,2,normal
-0.8380939298712478,-0.13181949772316623,0.907993892250757,-0.6440858401979181,0.4613648500834926,-0.5141878185678666,-0.3949891441306445,1.2740703152149633,-0.23588608530930422,2.9616010992264736,0.3592746392374398,1.1258498293105226,0,0,normal
0.7420401502455569,-1.5559945964467774,-1.540219907339853,0.4871756889180173,-1.1057957610795073,-0.5476874378934249,-0.3365191212259803,-0.916948791250668,1.1832678261852507,0.7790508924731538,0.17477845166734307,0.5612177600259401,1,3,normal
-0.9068259090468466,0.8744228186292939,-0.8506351256113931,1.5609645603687783,-0.6678778585634181,-0.5548107537265423,1.1647130754160633,0.6492554902692825,-0.9548526195870668,0.6037967760384875,-0.0006217987890497085,0.018363677636116744,2,2,normal
0.6200745994262318,0.6178285165916435,1.0205719815443157,0.48452926079256275,0.3291360544607604,-0.09859288505163252,1.4994212038012977,-0.7764821145896446,1.9150872920062578,2.186294838498184,2.1729203416511482,-0.13341005695137964,1,2,attack
2.1100628493124023,1.1543500490864873,1.078720235731884,3.3007175321246205,0.2055485840264991,0.5811490953104117,-1.2488811209250372,-2.213161913791095,0.2985473370213646,0.43984723890800037,0.7163537824226648,0.31499537125318355,1,2,attack
-1.9813995635197061,0.38572738831756154,1.1337161247821332,1.5835072794204326,-0.9388121111736352,-0.8825516590343441,-0.6859186290538104,-0.6316679409481306,-1.6143561574574878,-0.6787577177701,1.589946137155966,-1.055937888846972,1,2,normal
-1.86788048607592,-0.2745865111559399,-0.5051313736589499,0.6807969092713112,-0.7435259632319006,-0.18180910649047727,-0.8417542317675933,-0.9757105721428532,0.36841082031771644,0.12023000627405121,-0.056556524822074995,0.515646747712166,1,0,normal
-0.8301920173041721,0.01619127892056395,0.20128577287055563,1.1802212815496673,-1.8993568428892966,-0.3570548510498101,0.4447493085937924,-0.5836622422904015,0.08611359151581095,0.6818758094557962,0.47489120208157376,-1.7336198871858428,1,3,normal
-1.2142043281193986,-2.8338558957416424,0.648277809584392,0.20544410247407002,1.3429816418134952,0.045914024341097814,-1.1524098381524344,1.0686608364256418,-1.3292134626675118,-0.009276458833087883,-0.21416079710215555,0.7723585273276223,2,2,normal
0.9064327359420589,-0.43127863702227814,-0.7412095139034602,-0.056175436773689656,-0.5861080141421114,0.947569181377097,0.3731226494575931,1.393392219958052,2.613317221784751,-0.8743251207274315,-0.6094108796186972,0.4750947133918875,1,0,normal
0.39824109368162125,-0.3525503252413565,-1.7281131113191819,2.5484071961879358,0.07946282821943915,-1.1791785346972479,-2.4170302699229635,1.4029726111021104,0.3262642126522217,-0.0015203508280884407,-1.049585606105525,-0.10974856672749667,1,2,normal
-0.39727358089572173,-2.5179966605279778,2.6855622794316565,0.43610549553152633,-0.3514353560027813,-0.9795310936705371,-0.6158911581327682,2.4333318786606704,0.39032593580299463,-1.3514400678398284,0.8892017445792139,0.4936641520003829,0,1,normal
0.5226432555238465,-0.14101676288621212,-0.1790842030290186,0.20743913965593816,-0.22058185372383368,-1.4313976103261894,-1.0188986973626983,-0.0009099787292455897,-1.623210556768864,-0.1459474081159915,-0.3310667030756548,0.7289868479336028,3,2,normal
0.1525304551497444,-0.3112081070216692,-0.3092944133268072,0.4247662117309042,0.9357069096967155,-1.093333103378842,-1.557172727269472,-0.7632289264311585,-2.341478507672507,-0.8037403557133588,0.8291518815278442,0.9786143995094385,0,2,normal
1.539273085434473,0.05616332048130699,0.14639641437822276,-0.6076119975535731,-0.538320935288909,0.2795440796748815,0.9081768781606356,0.4214174837716746,-2.0584937480613217,0.4875863775563344,-0.009448172314267237,-0.6104285155808514,2,1,normal
0.12874697276882796,0.8925682137260287,0.1277515611224647,-0.7462140738221359,3.367175675918676,-0.6540142243457878,0.45171719818369627,1.25445392370597,-0.8869751787671639,0.5372177914195888,-0.8746046089602948,-0.28630919250969405,3,1,attack
-0.7842767122578913,1.7579078868335634,-1.4074671964094054,0.5016994733484709,0.017268087626735498,-2.019320664338132,1.7299645394450287,-0.5935638582575804,-0.28358709278557465,0.19911086895915014,-0.9348187071873325,-0.8021224609871827,3,3,normal
-0.05756817638040704,-0.907588291954666,0.07870465202972188,1.257558456370389,-1.0438128253285641,-1.6179945918262335,-0.15432639039557172,0.3838168421763128,0.654613073757591,-1.1265170705351706,-2.396255687566901,0.8645756006400647,2,3,normal
0.6965812975369539,1.5023741056154283,-0.994089344773512,0.5456759604143749,0.9931253842888202,-1.8733756386082288,1.0417444964888425,1.418277114423769,0.5624173587340787,0.5207649205396166,0.7245825020768353,-0.28415629039012225,1,1,normal
-1.4695310914254118,-0.952694928734931,-0.20153860922319075,-0.8762458952498302,1.0086262172394922,-0.4336608426471061,-0.13624698995270512,-1.8026957619394515,0.37530971652778994,-0.7310568458240987,1.4938332401590815,-1.7538613479996803,0,2,normal
0.3026301990827223,-0.43056901513300244,-0.38741533760090596,1.686444056930091,0.9396557536322865,-0.8782327774071013,1.3773977396280275,-0.6777177524705017,0.7760879851924982,-1.7660074675087036,-0.3468388641621085,-0.3140324327315499,3,1,normal
-0.35329997208191627,-1.6183967096937624,-1.9252554107839708,-0.039715864675356045,0.5861102302728448,0.011670015280174513,-0.36423896126387356,-1.5330492077567413,-0.2921390389728327,-0.5803162505684814,-0.742848649502198,0.15638437380965048,2,1,normal
0.1518495226489455,0.3810009012421124,-0.2781919714245041,-0.8561520402130696,-0.2192467141207533,-0.33303761361441186,-1.6664144249353043,-0.37158074161231297,-1.6865775321372656,-1.999229854768589,-0.8481580288314573,-0.6680758687000837,1,3,normal
0.6727899956914386,-0.33426277224803824,0.5054874814930336,1.419899565907573,0.09554424545117013,0.35544144104903597,-0.716751361062067,0.7969886467260947,0.03347103033926758,0.04034245958048589,-1.1536834671488,-0.9617792675658289,0,0,normal
-0.6989669425829043,0.07851362643235875,1.0656786189418253,-1.5410362709110013,-0.39187505153313085,-0.33606720977230026,2.2518571073023397,-0.2270071522742402,-0.5645587061854452,0.717987720938686,-1.137744913715896,0.5133539386749867,0,3,normal
-1.7040708259489323,1.9953639128660494,-0.07431293010983485,-0.45713928762675776,-1.3440400134656036,-0.1807079809921228,0.05367945156977096,-0.760182174144358,1.163418374818797,-0.3577617187312172,0.06501429418641291,0.2562557567983703,3,2,normal
1.332830699772319,-0.40967983194311713,0.04330556092032652,0.26763208527755217,0.5879458705872601,-1.8606131005109856,1.1262297246967727,-0.14563675052480482,-0.7452907388543099,-0.052803016366040095,-1.944302772619847,-0.7891036635404292,2,3,normal
0.16719042458462838,1.3393584387490625,-0.10187486981730812,0.37725551701903576,-0.3126001210109207,0.8441173886255863,-0.4169602235637112,0.44372478048502406,-0.3516913130735825,-0.9844778526689465,-1.009696757597829,-0.661084693610224,0,2,normal
1.14508661231865,3.178492268211096,-0.2155865604978875,-0.7518957435991875,0.5191575014862806,0.4764954228685337,-0.542490359008006,1.9106772468401059,0.8662866176826345,0.9354602752552993,0.05736359128253929,0.12433619670113893,0,2,attack
0.9690893873276808,-1.398281580870871,-0.8102990613264937,0.08546798405284294,-1.4681570658869638,1.6427064321243585,-0.6251133444301982,-0.4308487477069148,0.32373920501480397,1.5087488433376894,-0.04317523491465533,-0.7684575662807205,3,2,normal
-0.9341511319438688,0.23260661812454503,-0.5800704273562446,2.374789351146008,1.2591630062276993,-3.1690005027990535,-0.9297727487588736,0.35324575953954795,2.314821872074395,-2.0194023271865666,-0.4429605971261629,1.2051810140487278,3,2,normal
-0.6935083524506663,0.07139916289751198,-0.5004885644167639,0.6715596563815204,-1.0992236357445753,0.022975423858837263,-1.4551249238510113,0.9770990898670422,0.6052796107991673,-0.03642939285648437,0.036985070580200854,0.027372655884589335,1,1,normal
-0.36933532275984704,0.1570098593057491,0.3668724448054508,-0.06880185319344564,-0.5945487905119723,-0.40655781094421756,-0.4585208845100633,0.4541729808430974,0.1544960276534091,1.972982328576175,-0.17323772189473802,0.07544056103987735,3,2,normal
-0.6292334657850761,0.10119833935439998,-0.4446726410852604,-0.8591442095502415,0.16155661595838688,1.5912851374227561,-0.8653814004446974,-0.6513618809141963,-0.03965807249170844,0.25337665294144174,1.3000245704701725,-0.6484642729448624,1,1,normal
-0.14080242015797753,-0.7985156968226911,-0.8801723879636767,-0.47949664086222177,-1.1239412615545878,0.4367652916497718,1.0401788699354013,-0.5303614730103106,-0.7183581428312412,1.3060057024910299,-0.23358682196133593,1.4654103395484621,2,0,normal
-2.9158471767442533,-0.1878542132925017,-1.0407982763017056,-0.5574448530531383,0.7821492445896194,1.0567251450533361,-0.19889882849334944,0.9109105086662138,-1.1461325833800582,0.24521831134623717,-0.18094633456800258,-1.7273207373830306,0,1,normal
0.8756571088851453,-0.6985872361849161,0.40647735092355697,-0.7913436222902175,0.14960590639978272,0.5882291653336147,-0.027569516140319286,-0.5016836456188015,0.5813329173470247,0.18842930202649388,-0.4427335967553158,0.02184369578007283,2,3,normal
-0.1028862755888623,-0.36117119320903857,0.8816857733777403,1.7188943901183174,-0.5295463016429527,-0.1364311044409442,-0.9573842539496352,-1.348172148012381,1.1171071289514114,-0.6874626763759267,0.3232189470449043,-1.3707910684623739,2,1,normal
-0.6546378917657801,0.4570828277601562,0.45853153066416796,0.2180948190715539,0.39213864204632454,0.2010834812074048,0.9865942815011643,1.6821156788499523,0.5474731990906281,-0.12786443063490668,-1.0435920523714515,-0.5023990096092437,2,1,normal
-0.34021310165069857,1.4230058510480044,-1.5640346860424703,-0.8133104321681563,-1.0476639038320836,0.8480357292375188,-0.7137888610297587,-1.8545121559390043,-2.074422775730584,0.28585600719871485,-1.6563032570391742,1.074187897391951,2,0,normal
1.0358659715779588,-1.1621275288215804,-0.3694086318924284,-0.010307001986801885,-1.5266227707311004,-1.2692524953530564,-0.6705276508482002,-0.07575203105552344,0.2340583201372418,-1.9188921958481036,0.19732259989996556,-0.15846342005387873,1,1,normal
-0.3090628999977469,-0.5055023055804091,0.9824252191634423,1.5164064101886312,-0.5036109259810866,-0.2167639261894858,-1.6338677244111137,-0.4496890458565038,0.6405523435149847,-0.14756319293054046,0.3110162731910689,-0.15408675351538254,1,1,normal
0.05626107371912116,0.6264024809894813,0.7278585579985631,-1.9811399039410749,-0.24704012832979794,-2.9364068132141043,-0.010765014858428923,-0.5677905614950192,-0.612970290250971,1.5407299650231114,0.3414965404431401,1.116398042381296,3,1,normal
0.6140668309643826,1.6744791927738722,-0.2540996104839603,-0.2610960792734597,-0.09821886350319464,2.4423022981159805,-0.44064707088190935,0.022662076325184362,1.3710064174370777,0.9203506932880428,-0.49789529079007183,1.742407600780593,2,2,attack
0.47947667381592013,1.4462725440213158,0.605213129218494,0.7776427834524339,-0.742513823559219,1.418268177090344,-0.7009686083163591,0.07687642037207117,1.087239546987494,-0.3394025315066373,0.11939845364182768,0.008291458257637847,0,1,attack
0.15673801497156997,0.5903211466358245,-1.498110969516109,-0.5241536415606123,2.0654515515395615,-1.953671992920557,-0.6369180758175333,0.7984601436032075,-1.8410235590487787,-0.8617729447622897,-0.8035588090146334,1.5672879034808047,3,3,normal
-0.868700743750224,0.6320544196043966,-0.6298731222291609,0.010451314470000908,-1.132891290059026,-1.4712069369260077,-0.46846765119651934,-1.3761758767594956,-0.17644806551164458,0.11827752008411624,0.40877944899413915,1.5271167301711794,3,1,normal
1.4183060442498814,-1.1041843489610366,-0.749966817664318,1.6891964592517377,-0.05530450548497597,-0.3865243837015837,1.0702383248299288,-0.6255321068884396,0.9327160452551584,-0.3028220040160375,1.2938209656504511,-0.14629764274597662,0,1,attack
0.8188772430354505,1.0580271319265906,1.614897997223563,-0.797412692911678,-0.38451738373471267,-1.4178715189230053,-1.7238082669776413,-0.4979852957379117,0.15872029372114912,1.2523175381708949,-0.4169260982951604,1.909990721305455,1,1,normal
0.1810924223687777,0.879941275816822,-0.2573649494083958,-1.259260792077819,1.5822692320746679,-0.29229025524570823,1.109920842828768,-0.3721840050644418,0.5840407965465452,-0.162464213506288,-0.3500305348264076,-0.15289397496593113,2,2,normal
0.678080170031541,-1.2127487576797007,-0.9788493439001961,0.9782233429228745,-0.7405815826638188,0.17707885960970893,-1.3558990578091141,-0.22399615913187396,1.0903373565685073,0.07504633970324827,0.19845835036131587,-0.40401361633899785,0,0,normal
0.0874832633772887,-1.795063153780953,-1.6483274992511916,0.39522581273813717,-1.7826014743325505,1.2905866358797797,0.83138866052904,-1.2215997141176316,-2.2023243403836896,-2.4427015882422705,0.288672748276486,-0.11574957852152377,0,2,normal
1.3264556542186374,0.4497328670538464,1.5369146578517756,0.8542395708661654,-0.9692122677149153,-0.20891850814715007,-0.8695135925626426,-0.34062382465215757,-0.5419393474177672,-0.2589914932074676,1.331681693520906,-0.5802229682644057,1,3,normal
-1.223605672562379,-0.6603574856707067,-0.5060885778390272,-0.6109015926298551,-0.19697619489192325,-0.4577288112847932,1.0877094440814794,0.8879292985833442,-0.7870618682187586,0.9621469661152451,1.3793510731389946,-0.015604873324370674,2,0,normal
-0.8631090312542065,0.4182139301333268,-0.09627372546806902,0.3213157868412904,-1.0765249463864237,2.0836857094204313,-0.20974227348843943,0.5187439518891854,-0.6059048541307901,0.14685290593878803,-2.3011962062808937,-1.3081959423788294,3,3,normal
-2.4778688148094687,0.9851861704254083,-1.3909167726147962,-1.5594475671698955,1.1291060773471528,-0.48864350376233784,-0.16262155499241954,1.080059069873894,0.498118899673279,0.32159556492393304,0.6650024040964035,-1.9380509352972963,3,3,normal
1.3056304204537472,1.3423320099259972,1.8632830322421194,-2.0820462170707454,-0.8350973159269002,-0.5463953820640591,1.724456063311714,0.5848988489431852,1.7949441319629438,0.4730421741326664,-0.6190403341349496,-1.27671079549727,3,0,normal
-0.5473254075953446,1.4238882003393307,-0.8277477495131297,-1.7560759694761974,0.307018679961426,1.3981933811623042,2.4634040831922213,1.278190863880214,0.997441179848493,-1.7608506248085314,-0.3510681144973971,-0.3517947554042179,0,1,normal
0.1623736768044539,-0.905920282935786,0.8187704615202691,1.2791949607255633,0.1336995653424685,-0.2679352704837358,0.21246982170658735,0.40223533117412236,0.8154982892369013,-0.8422117612107308,1.4677441346015607,0.05354661800478349,1,0,normal
-0.15649931989021518,0.7092971250305387,-0.6837658460120698,0.8941097554765467,2.1653737927460583,0.45157455953102016,0.2202271918351547,-0.46471776163312395,1.5095218971884485,1.147024050377036,-1.5055298397694976,0.9857128550531784,2,0,normal
-0.6620893107387193,-1.1738728491526405,-0.07013358079983094,-0.6625522905160032,1.1645641920727987,-1.2639140310742,-1.292559998404831,-0.951191165868923,-0.143101143834639,0.5888140192789391,-1.0941359510796607,-0.7294247922521349,1,3,normal
-1.576061302943216,-0.20368554744660267,-1.0304217605275163,2.1668974273560013,1.9215703902164412,-0.940362134562241,0.12992347613926788,0.41206968140562417,-0.5552836068754857,-0.40089783003826945,0.6308471062827826,-0.28144242950779164,0,3,normal
-0.3116346497492266,-0.04092141140807039,1.2254772905771096,-0.27178888645016663,0.37708841872778753,0.22825742023215936,0.704691801828347,-0.20481964431831728,-0.502511844889294,-0.6987886392206322,0.2276543585103739,0.1295506580549443,0,1,normal
-0.2669546437526993,0.21241819174534207,2.3562332864730733,0.779228350185439,-1.844668875179943,1.293488811984538,0.13478451799508087,-1.0254023352917705,1.3356635347495804,-0.08769142978822983,1.0090978664833274,-0.6218325765823199,1,3,normal
1.0489461956534039,-0.29016046352076014,0.9492037505031309,0.8111474068766024,-1.160157938016141,0.35974625995365966,0.46230891770171,-0.06784895283611818,-1.7898098293557383,0.2724804094356183,-0.32843212659282384,1.1870241003705206,0,1,normal
-1.0731565530569946,0.9738393515743969,0.12786125792309813,2.5340305026747574,-1.0167845028098796,0.9469019225867746,-0.5438881758050006,-0.9580769869773909,1.0667976835839605,0.594087959979396,1.0395301265584573,-1.6185513626296761,3,2,normal
-1.2074918801032426,0.5803171126719795,-0.8552858975832861,1.313091881461765,1.6618225753045361,-0.13272984617305256,0.029494880649828335,0.02547153070608262,-0.2929660280962325,-0.037850230847004084,-0.23305357437471294,0.4280065018500976,2,0,normal
-0.3335092810034601,-0.5212504003157509,-0.30004301164390174,-0.612265363396969,-0.08061829061395347,0.5392134336609523,2.0561644973039743,-1.6287474832059707,-1.3780160493751834,-0.06838700505893618,0.03157190734315979,-0.04490020783252305,2,1,normal
1.8722303947643681,-1.8257531503025939,-0.15507766777668802,-1.2725667105423877,-0.3025057691108305,0.5147320569107422,-1.4435761476056073,1.0237836351215615,-0.846081314619237,-1.048131867892202,-1.6458254938180845,-0.6997422394002845,0,3,normal
-0.7420395361492388,0.8284748353104943,-1.5619823008983054,0.21307086306558423,0.8412984942547165,-0.2519599388278896,0.7684337819423959,-0.6930502252202201,0.4141829021635899,-0.3338202058039525,2.158892584448145,-0.2838997374931777,2,1,normal
-0.29927610378243197,0.40383785111684417,-0.5288840531196651,-0.19602749227291702,0.3384177461396779,0.875230577233397,-0.5958550069868929,0.06071547900876174,-0.17100749207433602,0.6976859266859752,0.8214857522109896,0.40396525188742277,0,1,normal
0.2663027651800345,1.7921331504263538,-0.8717999597441696,1.6376352014417672,0.538678899747018,-1.532525161786201,0.1301096834586018,-1.4137933463907106,-0.1225437709229389,-2.0282702666755728,0.7302349784512308,-0.7883302475681163,0,1,normal
1.6528131949192209,-0.722727777266545,0.05619768080433899,-1.3558268140105816,-0.12660917398140614,0.04592369706201057,0.508859758592945,2.47377249494642,1.651094203892803,0.7880389659607293,-0.32014145413753914,-0.27695520884387625,0,3,normal
-0.2988903359899879,-0.8431715182648765,0.6836606499259187,-0.041664213702798096,0.544076575042472,-0.22918197256463513,0.39338620579554257,1.7816984626549746,0.3771816732480299,0.9549431224551314,-0.8166173127104166,-0.11387189013539163,2,3,normal
-0.3423817169019529,0.5417581959399906,0.3392535786046424,-0.6272443735735994,0.4006377937208946,0.17799056424394902,-1.508275839738765,0.031049292399261953,1.2521345124231147,-0.820786092242728,1.1630668554096941,0.771615865297426,0,3,normal
0.248865398115784,0.5252661264542229,-0.7216472062206277,0.7911413914849794,-1.3346654712468509,-1.0343435904588216,0.6289884586159824,-1.0113563106920593,2.101673975423843,0.4326943617556636,1.0030259518260354,1.068456756627909,3,2,normal
-0.2926371748876067,0.1272354825420203,0.5778087117826007,0.1106020347575656,1.6818325854269733,1.1415640526248654,0.32839096961472247,1.3774677167888598,0.18306754029457042,0.8895776222282936,0.2745392624437479,-0.15601799179379283,0,3,attack
-0.8284612201370052,-0.6097995820141933,0.15705306560481597,0.5312100208812107,-2.0323649357298326,-0.31433402702355456,0.6742074880442841,-0.06958692363942492,-1.0169747771423951,-0.9288801959012506,1.765244364147443,-1.5142522680321175,3,3,normal
-0.25548503860528876,0.9017553952135577,-1.923023463603944,0.7454898918083249,-1.4841090178401448,1.0781267737312328,2.7336229973974007,-1.18354635619075,-0.0003525296699005824,0.43442242183207314,-0.5033345846564349,0.6131249746210613,0,3,normal
-0.6460769413383012,-0.49933144245486216,-0.7506741608895483,0.013713502902234996,0.5391637991977488,1.0371577527679197,-0.044620243243588424,-1.0079672797540218,-0.42087926019037314,-0.453631187089169,-0.3302841232781125,0.6434226159036736,1,2,normal
-0.08047327821026379,0.15118658784703587,0.10757714963225945,-0.035087874210001806,-0.4188064938350792,0.7819598182351356,-0.03829637006105806,-0.06280685488772436,-1.0731040736132413,-0.658143750562137,-0.5553253978601721,0.6100392605706421,2,0,normal
-1.7138582914617195,0.7672586947351684,0.15754950496221748,-0.6787946235747723,-0.821302150440985,0.5378417412230189,0.2431185162217607,-1.9535443826988845,-0.6628699831728421,-0.8895664463631375,-0.045187736742557535,-0.6097856233278652,2,2,normal
0.48501511321171,-0.495619625071848,-0.24998636302839403,1.2663987349152548,-0.21453066058979697,-0.47244087614917546,0.061977818644863236,-1.2737098067435353,-1.5731248410372924,-0.008812396226744042,-0.5703673296671212,-1.4114613706500314,1,2,normal
0.9390711587615038,0.6962996145504017,0.2335457953984118,-0.524801721679084,-0.19245139125231325,-0.569308264118637,0.8633732569996276,-1.433631086082878,0.2737585200992944,0.01935441028396925,-1.1297800847693724,0.6194218499704643,3,2,normal
-0.33900665092439947,1.869653008581056,1.174400400690341,-0.05487929668418467,-0.3754539196601809,-0.6812409304900268,-0.7202242697362428,0.3158860022483715,-1.4325253506523496,0.9716073865506286,0.6987593809392119,-0.1335332817895071,3,2,normal
0.7500828155386553,2.297875236035081,0.29711407452581945,1.719444892815198,-0.29321517183740226,-0.6059392141278384,1.00171244333133,-1.9154533375186031,0.9596117558795263,-0.000818921179608754,-0.4802979631520717,0.08592103542142476,1,2,normal
0.11134429912077701,1.2475922356997726,0.8418031594424543,0.20091411881525617,-0.22054574130303103,-0.944547757489789,0.1991018282498832,-2.5751491585296704,0.9659225190457847,-0.0010959397559108732,-1.6618919039747624,0.5648950536509714,3,2,normal
-0.8889008686237799,-0.466034241049117,-1.786099124292473,-0.7489227297158089,0.15946887140077168,-0.08447051742847018,0.28894490647673227,-0.7313453664673595,0.5608270851329172,-1.483671207088886,-0.5732755568366281,-2.6549310825415757,1,0,normal
-0.3140675197459243,-0.5551174741984566,-0.2034290924459974,0.5603057501568728,1.3004821973598855,-1.1893182029515756,-0.2532265090143425,-1.9717684404796492,1.8142087298665477,1.2864131268943375,0.45213060236731356,1.1996992929128234,2,3,normal
0.8474919665936105,-0.6448502407163519,0.7110016699704278,1.1666997345056966,0.8002862120161908,-0.08990647452465882,-0.38870080568584425,2.3723955637229004,0.2707560805801339,0.5461379501104581,-1.4024886553697729,0.6828183522154491,0,3,attack
0.24695936926211037,-0.8617871728213335,1.289519936296618,-0.0026929972394310873,0.6481966494362758,0.46058795846182093,-0.6991979447535902,0.28939597671572503,1.3841972532088773,-1.1056865405274372,-1.0367950361177776,-0.9117011145106703,1,2,normal
0.7403993454383858,-0.4624320938280932,0.29392258457443093,1.14180566633936,-1.1260791920240585,1.472761825020889,0.028202453644947476,-0.17610704427644697,1.5286489481860983,0.4561234342111552,-1.3163876932430396,-0.06037002001666856,2,0,attack
-0.7726852359542838,0.26448863147906704,-0.4715132277077315,-0.3405392521838097,0.9574139501402918,-1.6948620487078143,0.2795440894212943,-0.23522799060859012,0.32178094680034713,-2.372920153720688,-0.9559480780103834,-0.40925197602192054,1,0,normal
1.6509600031874627,-1.2575938596133684,-1.1257353203080689,-0.1931264070114614,0.31606751289266416,-0.6146373133679626,0.08431954491764837,-1.6373263165768637,1.6878101851439555,-0.34031690833009876,0.12629320049915047,2.7008175349952825,1,2,normal
-0.5637040912279783,-1.242133308797051,-0.9904573467992298,1.6698432868919573,-0.19043994657573146,-0.7839828321967954,-0.037073583089416766,-0.048799068149858106,1.0062510862075233,0.7202710305666509,0.3772245143216895,0.48303774999876886,3,1,normal
-0.8058010260823856,-1.2590046929582892,0.4063575587963131,0.5270178812645028,0.1721117225351908,0.28861198630303686,0.6334702440069288,-1.1390656074662722,-0.33769380565240126,-0.8645430894079444,-1.858234209555638,0.5342223714095587,2,1,normal
-0.22590588321584773,0.4094209684174137,0.6333438549187953,-0.902071122787627,1.509093668565421,0.30501608457926677,1.010795794627046,1.6956317607204827,-0.4748231903863986,-0.6146545605401031,0.18086085564637638,1.111422569547174,1,3,attack
1.143155251540731,-1.9687673826221197,1.4369758432403286,-0.44492331532748713,0.4911193451078479,-1.3237099452211405,-0.8821873183274738,0.36632463970096735,-1.7843238208060725,0.8078995240125201,-0.5387336062533548,0.27684324038774055,3,0,normal
0.14820485634798714,-0.5541026144278584,1.313419629657654,2.341314740730217,0.630756240051871,-1.7156620530434545,0.12190565747851889,-0.22573968813209155,0.9104216732004708,0.061374255240985665,2.143241172666491,0.6931772263455075,2,2,attack
0.5984109901085153,-0.34300323305307256,-0.8894181287200384,-0.08485664885343716,0.202979202847253,0.4792227201392485,0.20118957628493114,-0.2799065956763969,0.04951182093196114,-0.4626190719227801,-0.9896086712062961,-0.8675021416793286,3,1,normal
0.4929180609827373,0.7255949042858759,-0.21662382306706782,-0.13660395716401466,0.5462726270021978,-0.1363786752940291,3.1417964813041768,0.1285613739533947,-0.5194176780175696,-1.8108030077880637,0.21016203018616353,1.0250114455380357,0,3,attack
-0.05632972509533282,1.2411756837393546,-0.5930373508354547,-0.10110953152784284,-0.18537190943352447,-0.7513275853038248,-1.482640083746243,-0.9527916366151755,-1.901797680264596,0.7590903752919963,-0.17143478391841505,-0.10371374290496273,3,2,normal
-0.574306878938212,0.9517430250092096,-0.8462747282961697,1.684718025341441,1.0850032386649475,-0.6991140403826994,-0.20055572729521862,0.6291340152344544,1.2514180129787675,-0.7922642898038712,-0.4989972988654981,2.5049664119260746,3,0,attack
0.9195744523368594,0.8964985363918643,1.9336249837910817,0.44585819902231844,-0.4562477604842542,-1.7289088664048526,0.8618048914670325,-1.1333635331920142,0.6707604799442195,-1.9748305738248357,-0.4743522256568685,-0.017965225665309417,3,1,normal
-1.2515215449463697,-0.5468013885724963,-0.8317928225702769,0.1297963808478311,-1.259055360424826,-0.26205664476950485,1.374142191867313,1.4008297679171064,1.8904007577346726,0.4151995172260539,-0.40710603798460865,0.32865217297539984,2,3,normal
0.7103589865974675,0.27991071920440386,1.4502542889588423,-0.6575667917597027,-0.20714219886423502,-1.5197752888020681,-0.42095819734065626,1.2399866213801414,0.05246168251673442,0.7480489805123047,0.42762963545282184,0.9643085915670149,3,3,normal
-0.8353591030548232,0.5348944546060507,0.6797038012570618,1.1575300631556382,1.3944519621393816,-0.4969902356233531,-1.4314495624999617,-0.641971766799115,1.323580319964457,-0.9932044070114256,-1.3763786512466656,-1.3110016694794058,0,0,normal
-1.3003429575377135,0.720698198142902,-0.7674664489801415,-0.6245394072094914,1.1430181485768254,0.9359087689766551,0.881429233948284,-0.7653514241323482,-1.7034901136419824,0.3520314793360121,1.7554111111008142,-0.3561019469165277,3,1,normal
-0.27183425265681926,-3.2481986551113273,1.732400741696669,-0.19921263828552851,-1.741133563287928,-0.05915691866826581,-0.5955379928168554,0.6279449266488171,2.1532473369975196,-0.8051785418046894,0.15558477501013224,-0.3847543485997887,3,0,normal
-0.6643798888105179,0.4601923041770073,1.5474618336009431,0.43998515288279444,-0.4266514012206883,0.5184309355086015,0.23666083112967434,0.8151455378319559,-0.5515966476281343,0.13781937706277342,1.6474037836440711,0.019054075205787394,3,3,attack
0.9770751342597439,-0.010414471433187227,0.07068493730072958,-0.7425456971632424,2.8497555648686532,1.1980269461986757,1.180662676737381,1.1577100738920842,-1.0199054531843703,-0.7583871967383337,-0.1813216617487449,-1.6812623134797229,3,3,attack
-0.903589250533919,0.8298973015086754,-2.1350851178522654,-0.9003947621835172,-0.10412077921095284,-0.09738321250693144,-0.03636233710989387,-0.7672701703569825,0.9063382246488626,-2.3678569168579604,0.41280905493546016,-1.517553387345882,3,3,normal
-0.7301776809801056,-0.07739168460271714,1.60615899937369,-0.915703265353957,-1.4526047988262847,0.9723812196396271,-0.08699066990792696,0.009518750669632793,0.5586602329849288,1.0013525778214982,0.15689383050083722,-2.116025060854149,0,2,normal
-0.20887887766361296,0.018548559739539366,-1.1623820083422398,-1.0280191030468286,0.6362584505549088,0.24298882741438305,-0.9092643698159755,0.5616343239785329,0.1327357562307055,-1.2966885958261447,-0.27700484294010397,-1.3184564437280202,1,2,normal
-0.8678119549098894,0.29952004428720197,-1.2291745356646981,-1.2512164535191892,0.37552921375269893,-1.0124546670252776,-0.27587478036164464,-0.25464029983126374,-0.1640928231284105,0.3795662264448761,-0.4357939262330949,-0.7786911554985837,3,2,normal
-0.4648936659281911,1.1649177609267105,0.9323514789291231,-0.05491728352941013,1.2323426186695645,0.7107347211130317,-1.075618192365621,1.515330534858388,2.807230422297421,0.3639857163374674,-1.6237240512960904,1.5041714278955614,2,1,attack
0.6111078700522589,-0.10729781839218465,-2.0381652158973615,-0.10398365154920722,-0.3010296231970798,-0.3167541599841621,-0.42246533488714505,0.9639711030482384,-0.42204624306851574,0.43269456960367736,-1.9108146873100311,-0.9905945916551357,1,0,normal
-0.006887604205832712,-0.8932255575049031,0.039081311799522324,-0.04865687286436659,0.1910750186612213,-0.32909900898261174,0.6418344019194655,-1.362631154503683,-0.398105405432532,1.5321064660580506,-0.41508220216800257,1.540961415332024,2,3,normal
0.3534616216663202,-0.2355253706657324,0.09381840776236608,1.6060886624754631,-0.311201145082187,-1.1106697566020516,0.5062765165966481,0.7249376950776731,0.8623957955105992,-1.5230198478820127,0.4040334482554259,0.07255864005110349,2,0,normal
-0.24408764433428334,-0.4700535717890598,0.47223067270060065,-0.06513180474964715,-0.04407952478062017,2.005206710883951,0.05910215600698274,-1.1591565513401154,-0.922137726242103,-0.7629473003382428,-1.6161422781042034,1.0866858459236164,3,2,normal
1.8610295170673268,-0.6335325248580458,0.9068286265135619,-0.7545606806726927,-0.6899109879191635,-1.7573916150934874,-0.06328809798780226,1.2306686606389885,1.2608106436513615,0.524893181404209,-0.27227769657545775,1.2028648994453042,2,3,normal
1.7393525898719133,-0.7702286819679136,0.26492846701518474,-0.05359773248684794,-0.6459744624413063,-1.1789801983221946,-0.8348196214839286,0.10988597434028502,0.25487410996967497,0.13956919214399652,1.2813962189517722,-0.6903471152857378,2,2,normal
-1.2607508409039543,-1.1811116072474077,0.39543271392924156,-0.5395914245718623,-1.6498131222499954,0.9251412824685145,1.4003372282685809,0.18087744002672715,0.6435252514890079,-1.3967040437162634,-1.4140018284527418,0.16254851016239488,0,2,normal
0.20967546874665133,-0.19274089611687475,-0.28902569999193645,-0.6285488744082973,1.442728744921495,-0.856616221965296,-0.1332438438149072,1.039135432035198,-1.0202216377232305,0.14422933038232305,-0.11445797228288594,0.6177750529794173,3,0,normal
-2.4452082364746164,-0.29656735702576903,-0.7854795663159406,1.0913617097679444,-0.05571950439422817,-0.5628646158236956,0.8861568712266485,0.6399047763576894,1.0167991968484638,1.0835867152476268,0.7696879120346013,-0.5722274530314126,0,2,normal
0.2983487043081215,0.2966728414095385,0.36132082600175514,0.33835091906428827,0.09278940295098059,-0.418500496171324,-0.07171252584501808,-0.9813733860778328,-0.8977473995523191,0.7237649601355031,-0.31943464705754876,0.09231000277522496,3,1,normal
-0.5384036536980862,-1.6323956614833421,-0.40091937566345287,1.6151212085462925,-0.10386140526334176,-0.6819523969149092,0.6928397830997305,-0.48446317167844544,-0.6134556761778807,-1.5640698526606946,-1.716946374435119,0.41520068973800395,3,3,normal
0.13694144155750962,0.03706624516077993,0.6911926073874022,-0.46021171340929773,0.017893108706777214,-0.8691194470926892,-0.8627682966659252,-0.7503899966382297,0.9657543882179156,0.7051128453757646,-1.0089265497035214,-0.32073824545552554,3,3,normal
0.11817744841957012,-0.8078563078504565,0.6732498387318049,-0.7883260473521149,-0.33816008377899204,-0.33797404391957386,-1.8496494151307377,-1.754955529255183,-0.8666560560263122,1.1812350616254206,0.576883402029825,0.44698415642829675,3,0,normal
-0.6299705895257186,-0.47239986456015964,0.0397940805561022,0.26418815219044084,-1.5263460078183955,-0.7165850517094077,-0.7739396867222677,1.305335207728241,-0.5513341822180637,-0.8245362561947872,0.8080517043803205,-0.4484518420412162,2,1,normal
0.9232834005540551,-0.974056355128263,1.8754190491325693,-0.09061495828655344,0.13028520488185935,-0.24736991608837536,-0.05588357324633148,0.01114533339403203,-0.33880165101442217,1.2320252528764717,-2.2630279819173102,-1.2217703923851218,1,3,normal
-0.3829782645724476,-0.14139415325032403,1.4317342174720942,0.5435665244453745,-0.00920105125050795,-0.8115528128255728,1.9556501770315735,0.8624314466907459,2.54361566223878,-1.497852906366799,1.7167847883737464,-0.10525262424400268,2,2,attack
-0.858695231799515,0.12352979103860766,0.11445557886335492,-0.31756464855181005,-1.4541102644902721,-0.3529758312961161,-1.2871889808807873,0.08561175478683569,-1.3654086794707412,0.21506100281189358,-0.4163072590588433,0.9507970276076421,0,0,normal
-0.7922475704769226,-1.361837430913596,-1.4141450630731343,0.2556685680932052,3.931777880377655,-1.3922195399881552,-0.6390595915494012,1.526966053456488,0.6376369482508188,1.253147769204492,0.28655231985981067,0.46251613263788016,0,0,attack
0.02723554679472762,-1.139662222699309,0.18377355194306771,-1.004641056659718,0.5952388117665889,-2.7629287374205482,-2.1194383664683905,-0.19578520732281773,0.03636940846935339,1.7849101006646926,-0.8878758381858703,0.5575629184443595,1,0,normal
-1.8836299289519653,2.2950138342420177,-2.694289757130194,1.4213227584144035,-0.46497000308330244,-1.9244423819376637,-0.6803110614971631,0.7647856847138101,-0.26866601083291847,-0.973088975280897,0.043790906916532375,-0.1432054318760778,3,0,normal
0.7769461909498611,0.5434107588757943,-0.6162224826967648,-0.91961781526851,-0.10442710450645898,-0.30486021877464026,0.11412270169048411,-1.1786670668100039,-0.025981740010579187,-0.9727840648377831,0.41267231815370026,0.11662585958037207,3,2,normal
-0.39927865358192527,-1.7313456256867217,0.9760491183099171,-1.0039432704625442,-0.6287558445838172,-0.23596463290625053,0.2600140852723038,-0.6952178148428361,-0.6718920373187296,-1.5766505520413043,0.8988299070976269,-0.6388009035940753,1,2,normal
-0.6144245460366121,-2.2283825529923433,-0.7340237666110994,0.7375400672446435,0.916663994073481,-1.17970761248994,-0.08094799089560491,0.4921584133541854,-1.5644572429868187,-0.515731003710608,0.5728638532166119,0.9649490222395396,0,0,normal
-1.5814399823177798,-1.2385762439045078,1.0305480180107103,-0.5370244762381442,0.22737827901475954,-1.2971160470308374,1.0348765611003847,0.25688454330782057,1.2823725186172565,-1.0777646130008889,-0.6818271757044263,-1.356972761567275,1,2,normal
-1.3758512206338491,-1.4789823343984834,0.012244219379948245,-1.095020173014821,-0.21276175074166526,-0.892039206701711,0.1519625846470095,0.6240488815786057,0.599476654534323,0.6656670541799133,-0.34597941257495823,0.5044334637116943,3,2,normal
-0.4639166597234754,-1.0162315577042669,-1.4429831400721373,-0.24424286315282745,0.07678397969974506,1.4500390193147061,-0.6642151315462229,1.2928093293189933,-1.7398960517182955,-0.26463432987840935,2.1794350724406906,-0.5010776443022313,1,0,normal
-1.0627105539714548,-1.1807423420724439,2.0809461457639196,1.0999128841774584,-0.7037820401804711,-0.603229777100041,-2.6356441451520283,-0.32467295257317147,1.4167651220739823,-2.076267270298562,0.9472953069626058,0.4943057043040095,0,0,normal
1.4560107799898867,-0.6597348314184894,0.15004076173686287,1.2496103985765183,0.3854825073340231,0.6089015287073306,-0.4166312421710104,-0.2808348948718552,-0.6814628096603643,0.023198270584034775,-0.05836672211168245,-0.34731673824313264,2,2,normal
-2.2366247632655645,-1.5129765647850686,-0.16082160558452113,1.0821818752667496,-0.9808039977289968,-0.6221588469222094,-0.1346883635769829,0.8821606440256496,1.582858869995192,0.1912930884444375,-0.08216426647648405,-0.8894443460165483,1,1,normal
0.30394381098331774,-0.381433249299883,0.06589353446132186,-0.9809681866369424,1.0027577805633938,-0.49634584754879474,-1.6334998375000562,-0.1256589607988531,-1.2033913406296497,0.4493773695621789,1.2442907528008422,0.4611476060591207,3,3,normal
-0.24053423661703843,-0.9187942405247357,-0.5704903516463493,2.0559577041159436,0.9866339293810522,-1.0928134715933189,-1.0189797176418858,0.3077854848672445,0.03433205180874265,0.05056594944221363,0.5646110110313564,-1.133767505715754,1,1,normal
-0.8547347745559624,0.9657646655668273,0.2784084080186638,-0.2869062880181437,-0.13135526439786688,0.6127950780492961,0.2721865037110225,-0.7029045135045774,-1.1954034115841343,0.7678640484232193,-1.2439881466260616,2.018067772667198,3,2,attack
-1.1786299825407884,-0.6435900960406441,1.0616456975610167,1.4238051474227091,0.045858372203022316,-2.6892630378665685,-0.14656058400828129,-2.1177939181884176,-0.527088390919164,0.8257108984109828,0.7709046063382595,0.10408182769232288,0,0,normal
0.22681114323769444,0.6033890101394832,-0.4146802892034214,-0.39408536912806663,1.186773982466099,0.46596579218300793,1.1926207365211532,0.38710940931861004,0.37010429145030627,0.8130274229955853,0.6998039197350865,1.6981081873361223,1,1,attack
0.5810470175930863,-0.4849622916767661,-0.4068996872251704,-0.9609156798965283,0.2149989020094706,-0.7164608928219801,-1.3220337990784694,0.6306644986864292,1.4620137507560484,-1.6126818790633017,0.9519379703214988,0.19971737243360066,0,3,normal
-1.0399901325133796,-0.7049455802382927,-0.20707429360865517,2.2778406174545176,0.22230087818279184,1.5671153391819814,-0.6147277547527858,1.0469613430939608,0.795340490192797,-0.6878487235362553,-0.5919698185704054,0.4759540488002266,1,2,normal
-1.5930761246732128,-0.040072557694308376,-1.3091078107980387,-0.009806804258720448,0.412648112778863,0.6788479861005151,0.3857619393791491,-0.1992344490561336,-0.5483744573420425,-0.8637352879252741,-0.6183268919654413,-0.4388225816913249,0,0,normal
-0.529354567140415,0.16449691093512267,-0.6917985523934338,-1.600087979985883,0.6580855771277875,-0.7684686745709715,-1.6821721786210357,-0.9387904688086288,-0.36062998511192174,-0.23959307391520016,0.19026813826672995,1.8981307454730931,3,3,normal
-1.3328114207387858,1.5872477234739546,0.14944927217727316,-0.3363320504437168,-2.2614501934409246,-0.307557776395258,0.6325651885614602,-1.0740935813173034,-1.5486455440985964,-1.3296345889422427,0.14737377924717165,0.012120837709637873,1,3,normal
1.5717410127756597,-0.5084216345169079,0.7775028169540248,-1.2492876149354109,-0.25153985536512863,1.0693363153185678,-0.3171693799380959,0.4950500801203627,-1.3040823700708095,-0.9706129271710104,-0.5754726829296679,-1.164044834044508,3,1,normal
-0.4955001603555631,1.4369615224612604,-0.2611520974955673,0.22474070650557698,1.542384537799862,-7.585928232854437e-05,-0.17091802907636985,-0.5085238265809864,1.099775911872719,0.8943253709841051,2.040013456321706,2.0588097659112052,3,1,attack
-1.507239932115186,0.7591947549577168,2.113132031560795,0.31967291120352415,0.16881870766142845,-1.145389365141234,1.153353082170845,-1.0029050410446603,0.1857459305293543,-0.3233143736837412,0.4762913138273172,-0.42049149720381096,2,1,attack
-0.4089745411001253,1.0502026982802177,-0.02326532348056884,0.9283940821147473,-0.6529600921104755,1.5014596359613421,0.5417261717978347,1.2441115137428886,0.7943214997147604,-1.560854741150323,-2.5647779338593737,1.077291396146075,1,3,normal
-0.46991735755452135,-0.39452548254496894,-0.8281257344500332,-0.5489529610661745,0.30945884987390393,0.8949246976498296,-0.2868590852024946,-2.1851174232437045,0.6000499029101218,0.3006312941020254,-0.6147349038452999,-1.2969518880484707,3,3,normal
-1.3407849368825602,1.2545873857558807,-0.6167904923447798,1.2065414337468774,-0.24971546012647336,0.8790160134378154,-0.9280305630126481,-1.2672064053731567,-0.20267113353487726,-1.741496665241651,-1.3453531150817373,0.4670163486599922,0,1,normal
1.5658440079242637,0.17902915850830095,-1.657379260659952,-1.0306920643568178,0.17611068687900802,-0.14381030480911028,2.4032168497172823,1.8946530253799954,-0.29885096215714335,2.105251539001076,-0.9533417008810928,-0.9509691974741284,3,1,attack
1.4398216758895903,-1.0486394393515583,-0.5601604445941534,1.611698129692089,-0.4118593996331855,1.37458921445854,0.7200466289647393,-0.417097444412684,0.6563263327786597,1.1444038460847388,0.8433672371230921,-0.8367586110601956,2,1,attack
0.9612825551941964,-2.347783647347311,-0.3086537209514459,0.04890819630975347,0.9483888796475544,1.382930162920025,-1.3619731521366947,-0.5685274444052091,-0.13657198811015084,-0.49049847948413494,0.36341448589507463,0.6371577637302324,1,3,normal
0.6761673497623183,-0.3574566326815888,3.2088507817010368,-1.1804918452814162,-0.21323230757753256,1.5653828797777254,0.8288811870322094,0.8040034773868785,1.286337603244072,-0.1723132649017906,0.1278987944093261,1.1638768140036737,0,0,attack
1.6640352517594899,-1.2585963419452744,-0.487066862668758,0.04983118141783559,0.9579153720681166,-1.1956249010550983,0.9998143392577795,-0.6362094402558595,0.8109754822304307,0.31256856171308334,1.549990988602204,-0.9790366193964937,3,1,attack
0.6323237224946139,-0.23344851883201706,-0.6505688329424812,1.0081954113344291,-0.920718184173081,0.7943898602067798,-0.9910014260916339,-1.1434233920763115,0.7434578987652221,2.210549588023937,0.5120503815271576,-0.9123908471030876,3,3,normal
0.3730555633908262,-0.2720576043902332,-0.6400329264598891,0.24274311908777374,0.5661686719439202,0.8421669832699119,-1.0094169004081426,1.6625542589125273,-0.2792949771948921,-1.5967710709146155,-0.8365507716869031,0.1349985364649572,3,1,normal
-0.8501028834677082,0.2091114591219734,-0.9052500068874787,1.0325984960226375,0.17303438818325953,-0.2667388726338886,0.9789718254796234,-0.9562204537835968,-0.1706673572485529,0.5767326134892911,0.3605104896409217,0.04086977985410886,3,0,normal
0.8615984709381754,-0.5432259183585562,-0.03878515475276417,-0.9010349803911256,-0.08882850460894924,-1.1930542057619427,-1.200789185652331,-0.0399718394447418,-1.0554005593657678,0.7357083251964583,0.9451027783993614,0.5532630925129498,0,2,normal
0.7270889485860931,0.48748620062468273,-1.5442110584729298,-1.1377813346526449,0.30008585478447813,-1.1156328951543986,-0.7126013747165768,-0.06788255644685655,0.28165607338036713,-1.6106875095510471,-0.0037427331627252224,0.8281228730129611,3,2,normal
0.3488899795443124,1.4756024860764128,-0.49585521672975547,1.2521575039116917,2.140814128852598,0.6936752152175121,0.975294085911,0.9923992315493617,-2.2019845436683654,-0.723615574607039,1.068257455931333,-1.298530956729174,0,3,attack
0.2768706773408558,0.5255456158296917,1.2450743020385677,-0.15511507886868595,0.8481852811336894,-0.04070010539904964,1.5609174663605665,-0.6640341628379312,-0.5602065537679074,0.3736353632669013,1.6491881170125342,0.23012728026685356,0,1,attack
-0.05792090016994974,-0.6511279083007642,1.0229145702762426,-0.7190116824979109,-0.2767084246107217,-0.3114428705810233,1.086608394968656,-0.8852322084020582,-0.8718992744101306,0.17287090619362908,0.010351897727320179,-1.5120379995447486,3,3,normal
-0.9180288588505862,-0.674123911357375,0.007920753110782561,-0.8743291211443864,1.9407210184388444,0.23918643842611703,1.1782754635169583,0.29804467612920565,0.21199295404775953,0.7031636676165359,-0.37501803834867853,-1.8459101827490738,1,0,normal
0.4095754655153895,-0.7781159376269777,1.2842338320908386,-0.935308980701393,0.12345429914595014,0.00018397284404464683,-0.5971436048568801,-0.4113102810532614,-0.2046686208614062,0.15085168094254123,0.2300474309429317,0.021859870617998264,1,0,normal
-0.03827973272410068,-2.2533156767021416,1.3567083929203925,0.6598883731509613,-1.2889824858386318,-0.8642304400903617,-2.161227248632039,-2.980090389406009,-0.49029088325469816,1.6463940422392604,0.13077979704280232,0.2004648686358644,0,0,normal
0.057488952384590716,0.5712146648473335,-0.056429733547881875,-0.8410713290479621,-0.6041587362328761,0.6741980083128206,-0.4084415439199318,-1.9220372165370516,0.5412948376019634,0.22023855634696532,1.3332894041002936,0.09974529484059844,2,2,normal
0.007707396460252911,-0.11368787921646266,-0.7982375504469051,0.26882622391017763,-0.5228238711276973,-1.0395685778441481,-0.10895330543007153,0.0895665913288216,0.35728542058506896,0.6671872972992308,2.1860956116651855,-0.27536395533198244,3,3,normal
1.3422904086960104,-0.0004657234269187421,0.12035462125831087,0.8068651956022151,-0.8595272655591614,-0.08328938128619078,0.682542095120953,-1.4522944250016239,-0.9472106992618491,-0.4563090309994375,-0.03647683674450977,0.7629220219850107,2,0,normal
-1.2929303901220544,1.3834182678167593,0.6939164881087669,0.5977433307781603,-1.9774179777432381,0.31759448806778556,-0.7901926761153436,0.7235234320636427,-0.10364824773191479,-0.4424639034356696,-0.9328189896594697,-0.24674592239826487,1,0,normal
0.6592782512175334,-1.6502177236191986,-0.76556615162268,-0.2680048144532622,-0.2134791496035508,-0.4850788593658598,0.1787497365749835,0.062123733281435084,-2.1154214481623272,1.0060620242342155,-1.4375670314265483,1.1530650390596886,2,2,normal
0.7597111967363847,-1.776922861164383,0.09296796468976351,1.3498767615689589,1.3760615573909962,0.1709445036119366,-0.7846650137568484,1.1989275359027185,-1.5138250694468172,-1.5041826347731688,0.7657380488221533,-1.2244702552923006,3,3,normal
0.5430800621119176,-1.0809808434844232,-0.64090976980867,1.1539538780487397,-0.0836829666172458,0.6349264942029185,-0.19572274240918391,-0.4626614792769347,-0.6983560554530566,-0.9308028779055606,0.39374635621041965,0.4459572290841169,1,1,normal
1.66173150253025,0.28276041604035795,-0.26429724809325544,0.49718246679624634,1.440719398198016,-1.4435072646082432,1.66608721071367,-0.8154588409935701,-0.8076265516395238,2.571694890821264,1.0916934878309703,-0.5459547912550035,3,2,attack
0.8581205153993602,1.3591508582532488,0.6865688917923506,1.0982600728336807,0.36075775155115647,0.5195131626005471,-1.1422046462595554,-1.028951514176567,0.19124133295883086,-1.3438888765722063,0.6718934989554752,-0.08328232274260351,2,1,attack
1.1825816214172016,0.8939435695467554,-0.4102105444011253,-2.693605320932711,-1.446708835596709,0.0005872802874285137,2.048232766386834,0.017342257616685088,0.5850694093277795,-0.021502255493690448,-2.6643091921501507,0.6048027708297393,1,3,normal
-0.2508962425556679,-1.5034575462796445,0.6958976307479006,-0.04931228386056493,2.9503091187053103,-2.220974920844088,-0.8030299236859753,0.04966338613705988,-0.383143224384552,0.6511948890824301,0.8905244035397717,0.4805665667533251,0,0,normal
0.06677120217189705,-0.693748386421817,0.1833689290526478,0.8956853594855295,0.12245903291366231,-2.0978786109857923,1.6882519892157044,-0.4938699544547145,0.8834369371882456,-0.49518064230063463,1.0849504409630548,-0.32481159897840384,3,0,normal
1.4962332283252227,1.311995743270753,-0.6406485373686114,-2.914325789645258,0.3510874559143343,-0.984191012818173,0.9865961141663686,0.38229808337389437,-0.3686414386354993,-0.9441653128068915,-0.8458684974285294,1.473149051673228,1,0,normal
0.9691036340887001,-0.2116023832357892,0.3282901204349205,0.924917379834604,-0.1797734980679631,-1.8021185700878346,1.667290915075715,-0.3174161486621016,-0.6074924668113814,0.03364329317983603,-0.9501217567145052,-1.0782557186465653,2,2,normal
0.2306253439751047,-0.7020937282744872,0.43640855890865426,0.41312176084166513,1.9899722361360621,-0.25611393688211476,0.10257382178515417,-0.530069162283509,1.20702850556844,0.502759215000888,0.39899218066240405,1.908243706251424,3,3,normal
0.306001992488921,0.288527754145694,-1.294318948366005,-1.72976819022683,-0.4956500651632496,0.11942232597869984,-1.0753046381332323,-0.9379419390783029,0.7771715905368635,-0.5479511216838511,-0.5654429004265253,-0.3214624333413001,1,0,normal
-1.0748654964165518,0.8836317601082624,1.4531046309018776,1.0627522264740645,1.5618951764408155,-1.951392499982161,0.9299658912397497,-0.10834971631208487,1.4048832401149827,-0.6205930651646315,0.8430724308987869,1.8146310387596645,2,0,attack
0.6503114865631685,0.17262519442581567,-0.1167145010714473,0.575757223851354,-0.13794591981676274,-1.1128207882529604,0.6795564228561576,1.7242115871654136,0.45869192248313073,1.1440118611282986,1.2889368882292183,0.11085150807037326,1,3,attack
0.00386228539680023,-0.7368284518684544,0.3039528423573569,0.5761960108015273,-0.8654361111169898,-0.2182909884591069,1.1292939114267664,-0.5893786373606885,0.8157200445803695,0.4468029330227257,-0.23390529564070273,0.9675892870664161,3,0,attack
0.6921260577498217,0.017604446802358682,0.1744332077698415,0.469670363971287,0.5735954889860634,0.5137997250000963,0.7876127834988743,-0.42071170484335124,1.549121634643698,-0.023100371190876098,-0.0994674824366505,1.3858813155246654,1,3,attack
1.0798376888342396,-1.7793839975017742,0.07544328879899619,0.846308279251012,0.6229674650115578,-1.5910356963736476,-0.6246644237742964,-0.6946388400902322,0.706816033544484,0.9474762228794695,0.4413256221518144,0.04525422149234063,0,2,normal
-0.7302703643708798,1.1515212600263018,-2.122794036251166,0.6223895496849154,0.6814859760918652,0.3860633427234351,0.07348406222078951,0.2203828354621175,0.7458265002244958,-0.5856000715933024,0.8086768989014017,0.07883037988809795,1,2,normal
0.17091741631295637,-2.586576538990865,-1.2597817655874033,-0.15366179112886555,-0.5921290429549315,0.9759904853793471,-1.424203502189305,1.2711695322761702,0.870733557769633,0.2821293848873853,-0.4263568206065656,-1.103442453285325,3,1,normal
-1.1525384259165998,-0.6587457205676519,0.04665371465977273,0.7271771530019224,0.7677103818919395,1.1370051593267707,1.0833416421288282,-0.6363349363401888,-0.47525547316370764,1.130249752636855,-0.7469749855070095,1.0788534521539364,2,3,normal
0.11224449144016253,-1.3166653189531572,0.5052009895500071,0.28569463627368985,-0.7440861382783286,-2.3310584492619237,0.34145683947061817,0.5051217099852,0.8859183849691219,0.4846534004386696,-0.6503267680162829,-1.6050191847146933,3,2,normal
-0.06574233647978994,1.0294021115548821,-0.03501415402509759,-1.1565463340445803,-1.612097296473659,-2.5673839352851284,0.2524592895239396,0.5121337405869638,-2.1030188031378927,-0.5496599598993324,1.476566688094532,-2.0696683373928226,2,1,normal
1.5515032572478293,1.2227088607025594,0.9236572670884838,0.5628214704702426,0.5724459300066465,0.705619211294137,1.7188160277549571,-1.0374577771062499,-1.6963855184566652,-1.913188580577794,0.296988197249456,1.0933718036942301,3,2,attack
-0.6495014342283282,0.49585879395227894,0.2849911176208257,1.2373790361501142,0.8066457009893029,0.4931651073103286,-0.5942726312727036,-0.30918875116364675,0.9605570382463507,0.23714101960717532,1.38537922739856,-0.5572466210739438,2,3,normal
1.023690401095926,-0.11665026792774023,0.4858708849360946,-1.649693983920104,0.7508105342394564,-0.8359646435000125,1.2485124206072777,0.923232240684447,-0.5649501197894927,1.5387900934332153,1.57861819662284,1.811217123895754,0,3,attack
1.3080968209824386,-0.27900721933931916,1.5255480277213471,-1.1549555932364661,-0.2338185789225572,0.4253121279267133,-1.512407106763023,1.2883587605596658,0.7133274561811741,-0.03804383152695191,-2.038131131195352,-0.5747845592739825,1,3,normal
0.8911891888672918,0.7371778280086292,-0.8078681841587398,-1.2041473190948477,0.11290445996621691,-1.0723476578143307,-1.5313784896767342,1.5239295152972794,0.08632856806214494,0.44453650888102936,-0.1684388476669913,1.030962475413401,0,1,normal
1.0403886107054685,-0.08177728211672051,-0.3556288233716307,-0.32739112688362376,0.9707479389304631,0.20831818417828704,-1.114560075618903,1.3991123376763748,0.0993731125674883,0.5686746486385128,1.4933397440341416,0.5796865225471192,0,1,attack
0.8896830038980047,-0.009448079763408172,0.6709022526327882,0.9731263649500221,0.4675091429884851,-0.014926238977206586,-0.09651600872709301,-0.19576013337628992,0.3211100454586915,-0.40596956033250237,0.6248439546030155,-0.3849682149844562,2,3,normal
1.0583670679809847,0.18556324160194437,-0.5725177306776783,0.49490655040859616,-1.007587790510853,3.033824494002766,-0.6196082207008462,-0.07280548975786474,1.4553040212972108,-0.4876404281882445,-0.8452467496222992,-0.9043372378537873,3,3,normal
1.1772679423483523,-1.055140542520594,1.7275136793231103,0.6699065059912493,-0.06556479959443187,1.1778233531406976,0.05441572916308124,-0.22183913357200716,-1.1930729758314644,-1.3650447610137093,0.2897229841131383,-1.953706814412097,3,3,normal
-1.5040714914770208,-1.4821175326408107,-0.03375568868805915,-1.3469556263971594,-0.1682507206564532,2.5049558226908952,0.026584997836998085,1.733643370969105,0.14325191139255006,-1.1007780670718474,-0.5729986849986402,-0.672018115326054,0,2,normal
0.40584243763938077,0.6462103187790229,0.14184655042068378,-0.42809482650046504,-0.8129161881515468,-0.4467613130765883,-0.920568191608669,-0.8266929995215118,2.409860976400973,0.8377236115592985,-1.084310947087348,-0.032980239319173495,1,3,normal
0.2816489440553533,-0.09313541910840795,-0.7256304221536506,0.29726666321997214,0.07469476186303914,0.4228693230846356,1.0508479975318719,-0.6027154267151354,0.13336784338445556,-0.5344230652028994,-0.9141555557465288,-0.5942774918276988,3,0,normal
0.14587258763799607,-0.6206721113678951,-1.0083327463327731,-0.7825734146707058,0.08675492567886482,1.3509449183567892,1.2231745744133036,-1.6102968527945112,-0.35417727198358523,0.5280197028741697,-0.4552806427708886,-0.19454535782257662,1,0,normal
-0.9702588673999392,0.11377192936511572,-0.17434193212507498,-0.8946508067604261,0.47604316880169106,0.9829359108997398,0.44056407100972966,-1.165386872080939,0.22962927292262741,0.7359791087043147,1.0650094799463221,1.1530455337378995,1,1,attack
0.8960617542220142,-0.2116049467504282,0.4763908233946576,0.6587864085711372,0.08432109527755612,0.2950329040834669,-1.0380041524311312,0.27101137288139976,-0.46328231537685155,-0.17376044173288308,1.6553616271044578,0.1947895907176116,2,3,normal
0.2796315364669371,-0.645265267439771,-1.489060635278608,-1.2174410006361616,-0.35729262943730417,-0.25266078570475226,-1.8025379212725907,-0.689573753846092,-0.028045138407999413,-0.8344130945059031,-0.4024931452120217,0.08416726871946158,3,3,normal
1.169273594107779,0.300667948277294,1.465653577953619,-1.3890127677622335,1.240850117540893,-0.20410854502190046,0.9472270143939175,1.928845842581924,0.9109904099730465,0.39227060244179207,1.546987278488355,-0.49702590710834244,1,3,attack
1.0033592240406533,0.36202195947462423,0.3582186324711409,-0.6130851260970763,0.3104596286665029,0.3418233980137695,-0.0356250243017969,0.31059577917278225,-1.382768522270254,0.9071209217822206,-0.26283726992046413,0.2251136636958985,2,0,attack
-0.6376967303621106,-0.3600813963084904,-0.6501033922675371,1.2190924018733935,-0.8281683961995332,-0.7522999717646702,-0.18893921271193176,-1.2140115591712628,-1.0221161789429243,0.18821910080088125,0.267555250241608,0.7241920324022969,1,2,normal
0.42114350934917233,-0.8734052557353155,-1.0439675002393092,0.9964968972892515,-2.173249658650527,0.13067901569983878,0.6480333552351702,1.1328622685065382,1.3218608939342358,1.0388912844332436,1.8616213451678116,-1.7990603257379287,1,0,normal
-0.3089386506546878,0.31834839888994154,-2.2478747308894986,-0.7695897510760117,1.1363549085785094,-0.670699883659675,0.9714193249380928,0.614436152867515,1.1559129164100392,0.8042371363153362,0.5235396905698082,0.664309791319632,3,2,normal
-0.8693268346715615,1.647617468597337,-0.2314543038542246,-0.7986502284883525,0.4506337763868036,-1.371524097120081,2.0513127080206166,2.347654639873423,1.1837282035297365,-0.9027043846376593,0.46729605705362326,0.2987243967338624,0,2,normal
-0.49442517861649504,-0.25927935600584373,0.47704422910404626,-0.4550307386165224,0.00726437544296451,0.08675463554718581,-1.200558782775014,-0.2737773771513731,-0.35589855607799503,1.666172543343544,0.2045985114097036,0.48264528637568876,1,3,normal
0.3087777512839482,0.06903830699650633,0.16128938827251546,-0.033615231105635655,-2.000712139187175,0.11484979031049872,-0.5374185890247261,-0.21584472759444678,-0.8682500646176301,-0.8264258966601862,0.08353478525905045,-0.38016064667952926,3,3,normal
0.12787621705877283,0.3044018338791442,0.06629756611366489,0.18580474139024775,-0.5122130209519375,-0.1419492858412077,0.698519304786597,-0.09928385480136558,0.6566255980320871,0.13789176677620604,1.0805533099610274,-0.8846490768717103,2,2,normal
0.3517408644656881,0.9091075093452805,-0.68116994740681,0.22467614324237603,0.4157778140883458,-0.04502626400429722,0.9890481641230239,0.4161281353500534,-0.16056415561823104,0.8995927470697754,0.44151644967165565,2.854260427310599,3,2,attack
-1.4781491981405952,0.22684063641754199,0.01927160970273178,0.05667207645563529,-1.9208206523817153,0.14367746285267755,-0.5100892946518819,0.7469339045924088,-1.0388482133930368,1.7167631086753905,-0.013367198918968986,-0.4552213220249701,3,3,normal
0.33226765524823587,-1.4113768305641368,-1.01135069312373,0.58716047368806,-0.2995381023984493,0.08357734006844482,-2.2250188160327204,-1.3589661489948264,-1.6985778226170467,1.6047495716188003,-0.19247556458848145,1.2253841607730311,3,1,normal
-0.3141553535095718,0.980182983378206,-0.5902639257457369,-0.5170956594286483,-0.20379654133509756,0.018593532196489022,-2.0542251358212584,-0.08798423239713915,-1.0165261457746195,-0.7578308092017333,-0.3673361966165493,-0.48476000216413656,2,0,normal
-0.15514241277459245,0.9737736192884713,1.0121394561996544,1.6394168320140663,-0.7345404675412041,-0.1878214805116942,-0.37222757090140723,-0.5097499981351498,0.5384100252314712,0.676328386958752,-0.15036554748527867,0.10575080137124572,2,2,normal
1.192499289624071,-0.16391699225659803,1.0653739644223288,0.0007712550815178092,0.46368762424652027,1.8316802379956367,-0.5170512700658882,0.37759924833695696,1.264667076888904,0.1725016882335567,1.3478285455141783,2.563790024093315,1,1,attack
1.4552596479854005,0.004323321727205956,-0.7230933576309895,0.2765481370357135,-0.4676079490367071,-0.6791075604160348,0.7955790459100294,0.7256932790716119,-1.5413056948333337,-0.431370349223479,-0.9325789513609025,0.7269936749934759,0,2,normal
0.4565674453010645,1.0131873711102481,0.05897755446946114,0.6008314437273179,0.7757184908120072,0.03973402090157242,0.9557869867986025,-1.6883658056109563,1.0846785150476457,-1.238126547581584,-0.27839162076346896,0.3145293274374952,0,0,normal
0.20178757691393046,-1.2925832073487535,0.09611653913543558,-2.110998331036275,-0.18843117396953793,-0.4251243670519985,1.511647171019936,-0.2695582070840803,-0.7079549968192436,-0.6803934587642113,-0.822833266954042,-0.0005012796603909318,1,3,normal
0.21623523282017112,1.6006978315203155,-1.2625837867703718,0.5760942517238355,-1.3788484906016487,-0.28735121305970857,1.106189384103369,1.1988445482879029,0.8430137843883816,-0.5536379456715828,0.9471610572310217,1.4987946426808925,2,3,attack
-1.348120626976262,-0.5291474325800826,0.10182531220558017,0.2617928763586947,0.33078018508438584,-0.18063971258252562,-0.6274171389817791,0.5390708609477016,-0.6958504648434437,-0.14237716005389325,0.4871680455023882,0.47066806079904316,1,1,normal
0.890169609273519,0.9379398070329277,0.7231069779105479,1.5339475801184028,-1.2709140288880099,0.2537373697354662,0.25338716147475787,-0.17039534143577606,0.04900098489780944,0.42236450808594145,-0.27774701464804674,2.063511580046159,0,2,attack
2.028354908648004,-0.39987136861744316,1.0921055102200006,0.9036227850756358,0.30767486845191155,-0.10606612049776777,0.5846954429270814,0.2349720251478945,-0.44592199391183596,0.9458132908208016,0.24899615941446943,1.179212661865616,3,0,attack
-1.1961694516034496,-0.6905196810812811,-2.988352456911407,-0.3381960658909807,-1.0648057850473134,0.6274079102003552,1.0477847505733453,0.15373073228170503,0.9427268757652605,-0.6361248210876356,-1.1652289912962523,1.4030798112215568,1,1,normal
1.0267315320343877,0.7686266526910072,-0.28313248986500367,1.0540761168340804,0.6509969676304244,2.632873314496403,-2.572596893554205,-1.1539724878329045,0.8854772317624043,0.7809857416415535,0.36720821890835953,-0.1331539484498598,3,2,normal
-0.6025373629593884,1.6639747684023494,1.1665206103122212,0.383478435013958,0.45679561702795834,1.7222570667944015,-0.936285104176622,-1.0882244414633886,-0.0671271906807023,-0.972957887074524,0.9091862952278998,0.7457934126927196,3,2,normal
0.7626323260167251,-0.1812235525578446,-0.5367925526818627,0.4560145784664064,-2.0156614202271963,-1.4793566939408243,-0.9678860034770671,-1.3397543838719452,0.040133001906948865,-1.1065551089080339,0.6810873937815267,-0.08058924901464054,3,1,normal
-1.6129230074030052,-2.4176370182526075,1.8510992848316488,0.3144523272771089,0.4321755478067087,-0.48511801242346436,-0.9637751396325026,1.3239087922260238,-1.1676659853120666,-0.4159818593771269,-0.005193023404450331,-0.8778715531377373,2,0,normal
-0.5483442692118082,-0.5418725515775096,-0.5014622921506063,1.5189240967131568,0.038075590471350396,0.9698591675422914,-0.8828144750664684,-0.5620853279215993,-0.6404576485644805,-1.5811404225285295,-0.008985952565395647,-1.430914203379204,3,2,normal
-1.1837741304574563,-0.02007118856670853,0.2726922794834607,-0.8089563469372972,0.12942875169006401,1.1657064303612854,1.4199715686603163,0.8886448803327246,-0.32199919457377885,1.2511640326069204,-0.29481325460363805,-0.31448556388859755,2,0,normal
0.9467208716622048,0.3614989178068832,0.49060881481174134,-0.8324571307578486,-0.27289791081523285,0.3134553182540207,0.520820853523056,0.5538551412631819,-1.7664467454217399,2.23104410319756,0.7993785460072322,-0.812851033142918,1,2,normal
1.179169817613754,-0.1178297522367165,-0.36963526730552915,1.646689657309367,-1.0926433756193201,-0.9886430656162719,-0.8459487050658127,-0.5577572961937227,3.2483016881159292,-0.4263323895402813,-0.9798277896812594,0.192357027300069,2,3,normal
0.7695569179397196,1.2788004171586522,-0.8306002803705821,1.9808113831412286,0.21221869397736365,-0.8295029620605957,-0.7406954342008301,0.5128370370553691,0.048060138892050026,-0.3938593808903091,0.18537801758327518,2.365887856663358,3,0,attack
1.4785386141140704,-0.45697643526891063,-0.6738077958677704,1.033134958339107,-1.0250471950082685,-1.8063776307882886,-0.9357356711110345,-1.3021385958809641,-1.4660022181956875,-0.23080712607215986,-0.7939902228162421,-0.34157964649952166,1,3,normal
0.3556998485259824,-0.5340345230036813,-1.4604997492802383,-0.9366329859939508,0.8442772407321767,-1.0891544319179025,-1.1415851595772641,0.41355432437223777,-0.9437940840093528,-0.9468023596940033,0.24393754955455027,-0.14161193750755294,0,0,normal
-0.5648421137938847,-0.4201000474033619,1.0710993330166618,0.32990019935889336,-0.7000638769719428,-0.4254969479116782,1.5906209644024991,-0.2247205484453569,0.3544935141981084,0.3123611214434366,-0.499609475169917,0.1787071254742722,0,2,normal
-0.9373284401169556,-0.2524578815285577,1.1744622959842264,-0.14732086712685502,1.5528861015920217,0.22411840444098582,0.5375222610002974,0.14664309873692122,-0.859824168479944,1.0941040057640967,1.439161683945883,0.33133016319016245,0,3,attack
0.03461267894857782,-0.21692407168031083,0.525447798999474,1.0980488903851702,0.9326522980446773,0.2926275912708025,0.05333722572024646,0.1688839286088436,-0.12654228476845086,-1.0439610878159744,2.0489278842918304,-0.7892027770117347,2,2,normal
-0.9249919460091688,1.4490592415600463,0.5201442859518454,0.5658236985226947,-0.5063134471274965,0.008369518090183818,0.7991067617711469,2.7884934570407682,0.5589466563733093,0.1599875958318612,0.6903149576890732,0.06992531489516031,3,3,attack
-0.7602310812561272,-1.7647331544330163,0.5166682283361024,-1.4366607663049735,1.208369573042763,-0.5218933612277183,-0.4636233284779263,-1.2018511885443137,-1.084395899775756,-0.6754909284582742,0.27531497741108296,-0.5224210652872076,3,2,normal
-0.19634474915440536,-0.584518675478653,0.46331204785140817,0.34466039687431976,0.4212124481868767,-1.070800957427747,-0.8447463232833535,-1.3625332725279047,0.6487081504067465,-2.692731281309878,1.4631740998294398,-0.36186755488822486,3,3,normal
-0.7105326089842456,0.12107080678323132,-0.3286664500673907,-0.42093173650225935,0.3228625705603437,0.5292099109439271,-0.5814878191470615,1.543971004212046,-1.3714488648582788,0.7986633016951435,0.20132343976796493,-1.0805180444607552,0,1,normal
0.8052726472111205,1.2623886169931635,-1.625647747156017,0.5419789425889493,-0.14716107522947977,0.17661256957276497,-1.7208336117816352,0.5643811488397708,1.1241320223630415,0.23457239415859538,-0.7286946134440492,-0.3904081337172524,3,2,normal
0.2737397018296059,-0.24692785294854014,-1.409731775311076,-1.2284449422054544,-1.5387137234290291,-0.012305407363957679,1.7892603735957988,1.277961661894395,-0.2806731848488044,-0.2522366865196464,0.8876654563857965,0.6340215593204871,0,2,normal
1.2163150703785577,0.3953157916111583,-0.4362275792601687,0.5494080961373394,1.714086496528669,0.23561487723744845,2.0267019178948598,-0.9050754350019409,-0.33554540347664336,0.20200444901429038,-0.13294336871692486,0.8933460440918514,2,1,attack
0.29296089283913773,0.6347922600591331,1.4778540040265966,-1.2123904237485106,-0.30728329387106235,1.967088006262017,-0.3590631519120739,-1.091134883714311,-0.8653378022759517,-1.180287168610006,-0.1824629586733057,0.2284003802819511,2,1,normal
0.30502727017687825,0.7260538568577324,-0.18398931324383955,0.7828660934309424,1.0807990944695796,-1.426584420925927,-1.021914431192849,0.4358584988910191,-1.204917391921295,1.0441717921200322,-0.6312498858083656,-0.6627991279475038,2,3,normal
0.10580356879869769,2.294776958975151,-1.160018819997624,-0.07994629485510095,-0.7821516326656233,0.5334714421072297,-0.18189549839284525,-0.09985711353033859,0.42270130390967764,-0.2740613182791619,-0.007002449226929059,0.4795090926525627,0,2,normal
-0.07527878630287282,-0.29412331144913867,-0.9147611101286947,0.38119804737669494,0.0909963089873437,-0.17923217886672702,-0.6696177978199732,-0.5234239678585908,-1.0067051690398165,1.7249429623172803,0.5848715112435332,1.9655647474544065,1,0,normal
-1.7557648533040628,-1.6268356614124526,0.25293350486294824,-0.22359342191886755,-0.5044026469190703,-0.6464087886040017,-0.2952615477798102,-2.6119086745287206,2.4018484262722395,-0.36920534160361956,-0.24355869790237283,0.910515629994737,2,3,normal
-0.20478922718609263,0.3038909256626728,0.6852439141250931,0.7534766828501451,0.5219682139926102,1.0914607725134564,1.1149746287606248,0.14817366653349523,0.5755032424959488,-0.4839394730717521,0.8451124169274136,-1.2499876078416394,3,1,normal
-1.3420707594433354,-0.712653795622709,0.5574829544889325,-0.5235064779404894,-0.26245701801379767,1.3120594190757942,1.7029059483012738,2.2486298511782157,1.1918239859239883,0.7587265181464198,0.6212891479051718,-0.9730356862891245,0,1,normal
0.2567733235619622,-0.002662329952294181,1.159636629235553,0.6466282327036715,-0.820765406681917,-0.18836256682340338,0.6454351100521668,0.2777541822157897,-0.5109427036553399,0.9507042809774572,-1.7805892143732165,0.6479506400454204,2,0,normal
-0.776325762765006,-1.40353397407399,-0.2750026182255739,1.1822618264024904,-1.5243536650324183,-0.1356625467695191,0.030011680804477272,-0.42098487572619847,-0.38807049644063457,-0.10126851518175818,0.21772329371868213,1.4670098102341118,2,3,normal
-2.714820976461659,0.264895426612016,0.8952606147997945,-1.7326609508894786,0.6360053396458846,0.9710815779020509,-0.3941412640423394,0.2588969178021441,-0.5823769145327601,-1.2292105030800184,-0.5363744007728517,-0.6769295084140681,2,0,normal
0.9341254477049766,-0.6296955700150291,0.6655525025862856,0.8909152816281264,1.1903556452267536,0.04951015509305939,0.5141598029328738,-0.7766020141230314,-1.004511355956245,1.5940893941045802,1.073295567469002,-1.0047992803954393,2,1,attack
-0.8517198712144755,1.7138495150993727,0.30792298340887136,1.182961147915247,1.5015702878997428,-0.13355665480969844,0.9273947502432107,-1.146334032652094,-0.021699414804528083,0.8086692122050306,1.394075639999424,0.02820781051588703,2,3,attack
0.5503097492471466,-0.8161445268388434,0.9335077886479612,-1.289569749811818,-0.3366805477609017,-0.13176377627194058,-0.9142904477931797,-0.5911713701428922,-0.30193128803539093,0.9578992687171469,0.637135244989472,0.34956726414817474,3,0,normal
0.36926551933168955,0.39626661537074415,-0.9384096412723217,-0.3233667361526314,-0.215435527529643,0.7563008801887992,0.3184743484281718,0.5517203362313642,-1.1586745612595524,1.577220202945931,-0.6300590611312511,-0.9768147428020808,1,0,normal
0.03490808724149944,0.2672988569903713,-0.1991964813635249,1.4565460691433216,-0.5547756251528543,-0.4826565961771673,-1.328038828723951,1.28488081619067,-0.3697118045205682,-0.4065832730185945,-1.8240879230225786,-0.8603837505793829,0,0,normal
-0.5475406127257679,0.3584341532268834,0.8872267986425537,1.0840957408830467,-0.7634528980339471,0.19116822513706774,1.4918872564847319,0.6173847114007006,0.8159871256107487,1.2790427714942736,0.5562338524515863,0.11517447065344026,0,2,attack
2.5366441214319964,-1.4278565519369861,0.2709608496501097,0.7107438213949278,0.1712685346067944,0.07017421946686193,-0.32252985452248023,1.1569945879815653,-1.7151649376547593,-1.0685159286712818,-1.3315465903833874,-0.6410011019550628,2,3,normal
-0.49815139108153805,0.40108177925819855,1.0272598598694267,-0.7817881934662325,0.0805735638565976,2.1142344546306506,0.8235764046804901,-1.5313898793811327,0.7902907383527558,0.14078485648747313,0.1055748090052632,0.40714938236783105,3,3,attack
0.8891829923753726,0.34824239127663764,1.051565144206249,0.41399411625285465,0.9485173319698386,0.6197871913130218,-0.8037822509685261,-1.4251851542158573,1.9316801550602507,-0.8018819233437757,-1.027215854933681,1.0853602578873134,1,0,attack
1.162905993004894,-0.12706020208015126,1.3343547319085605,-0.4776691392087559,-0.3287496782945136,-1.3095653411040065,2.0879780180126137,0.17190194839303294,0.7763207208698718,-1.5338965818713104,0.5511141053946407,-1.7263189153108351,2,0,normal
-0.6026916905895146,0.7430527192275679,1.5065538430150858,1.677068267453823,0.04405682431330238,-1.2179011004465887,0.459889269498965,-0.36152975200758564,0.8109252612632916,0.5711962426951925,1.8350137062842269,0.7327305635895949,1,2,attack
-0.04419134092447428,0.5598275994322185,-0.2018924421996951,-0.3680190148873569,-0.4878348087369554,-0.1475835705008995,-0.5273702903097831,0.12640223134589187,-1.4001721636648004,-0.38722840636527445,0.6635399760379738,-0.6979367574494658,2,3,normal
-0.945882713634536,1.8583344253971508,-0.45015373203001524,1.815002255187489,-0.005039094543909949,0.5658686870958339,0.946497227175413,-0.5716839482833218,-0.7194167076400518,0.14971000005144228,0.004793440574830443,0.8191267047600469,3,2,normal
-0.40865850127782904,-0.594893980111661,0.2959141881529618,-0.6784269226081613,-0.8559632661909017,0.34997422426434865,-0.3403380608066616,-1.273248237768222,0.9150263403531848,-0.1774251218569729,-2.1875361323337885,-0.7182889741477343,0,2,normal
1.0358005803274657,0.04239351282022026,-0.6368597319573704,0.2516344617669454,-0.635060587218595,-0.32206463739075464,0.40828555268735656,-0.9252580639450401,1.8335595361804733,-2.5633642359419895,-1.5226473077655303,0.9159391454247482,3,1,normal
0.3597542044749645,1.9017305793062849,0.6810810141251162,1.1600093608213264,0.7130126161821988,-0.1509068552558841,-1.7510400039826337,-0.24458342443200365,0.4724466459328732,0.29260980492533845,-0.8770666910651378,0.9905470014553853,1,0,normal
-0.37732289060190705,-0.9459116130191006,0.1129848845166349,-0.0199709023279562,-1.1325974051957934,-0.9240640775847221,0.20737341590863276,1.7987598455191813,-2.4357343063645933,-2.3633733345995953,-0.6713612034154071,-0.4018767672217392,3,0,normal
0.8343832189647752,-1.5834672557984086,0.30784439170360933,0.37314402803090047,0.9367456665064732,-0.5796043699170684,-0.7597824399961008,-0.1929328384230835,-0.47760091054828485,-0.4574847869632541,-0.44760715141296353,0.7695286510820845,1,2,normal
-0.19549909896777942,-0.1373822964074603,0.6598141403335634,-0.20686802986816932,0.2934417567555424,-1.4029151043150316,0.1531721445789296,0.11235629143420875,-0.5578401855394886,-0.4724068568418756,-0.7548947330648718,1.2325001578432067,3,2,normal
-0.06427243156381053,-0.6231504579388641,-0.5697302891319227,-0.8806597611628383,0.2768111001823289,0.20252495835432302,-0.7445803523872347,-0.6681598693386471,0.3151919381804617,-1.084268237377616,1.4911081554931824,0.1734548979603017,3,2,normal
-0.49275372782799876,0.28704328760638825,-1.7569703207872478,0.5839732784311403,-0.5521805444373123,0.9794640983022952,0.9081386160811059,-0.7367647047513903,1.484587240413556,-0.2550369925346294,-0.23826627256811678,1.0837387406993462,1,2,normal
0.9893896378329988,-0.5774799321170483,0.21945242543943858,-0.542806948621893,-0.87227988111641,-0.6275097223517492,0.4207195339576462,-1.742287190986119,0.2658638644534611,-0.7569169276991408,-0.24552818943025764,1.2399575485354373,2,0,normal
0.4591607185045886,-0.33942940433415875,1.779244518871859,-1.5342073843418145,0.06644421185105526,0.9555363526160843,-1.2843536796800188,0.48687980651730806,-0.22706608698440514,1.6300525726624828,0.8791677211910803,0.5656017740304099,0,3,attack
-1.4630194378795705,-0.2511746850557306,1.653081319760174,0.8072033558721398,-0.6835635969590791,-0.1914001497126404,-1.7494106271720737,0.13414301048241353,-0.973844624346595,-1.4018423690781279,-0.9737744305577112,0.7728522137124093,3,2,normal
-1.5198366837068225,-2.7854347567133733,2.1118501582600673,-0.44753856458592767,-0.45074903006571415,-1.14408931915267,1.1435584424866991,0.6764799112222628,0.7464726659629546,0.46910245914955034,0.893975336282252,0.4219039104027762,0,2,normal
-0.17364533524029788,1.006830664483179,0.2378228884183438,-0.5357519150979683,0.3505899866088113,-1.903855627418526,0.1451403095048411,-0.6662825760133416,-1.4828254243447827,0.5738524229566733,1.9698887064379127,1.2469020716866,3,0,normal
0.606387873486031,-0.7615655813333154,-1.3953613996927283,-0.336090502392405,-0.6757310467545101,0.23338382570621655,1.7173281687222526,0.8259077243367415,0.36457716328577894,0.3948642484703967,-1.5077876193854267,0.7255849583369142,1,3,normal
0.19617218554587404,-0.7163707751101122,-0.05917111860966743,-0.1885799247762632,0.6101167052197605,-0.474085992770243,1.1340402649314187,0.05673363270180781,-0.4649784631954823,1.411817377693445,-0.143772458284217,0.017853190894253097,3,0,normal
-1.0307520712284932,1.1860982334812444,-0.011584684755711993,0.5675572892441054,-0.26149585401328523,0.2950605708979869,-1.2515497970402176,-0.4353201914220862,-1.2497033740960661,-0.2993697605418103,0.7494538194504405,-0.4931299622626974,2,1,normal
-0.06526463081666818,0.20547531576676353,1.6668887477259666,0.8193305134728727,-1.6082170321052072,1.3418273382274866,-1.6651797673055917,-1.465222897665485,0.2133449218105482,1.5534552497026066,-0.791177197975116,-1.2001488223585757,1,1,normal
-0.3298796384258604,0.1535296403836405,1.3380837095075546,0.0665195741242258,-0.3959893372232129,-0.42253299363254965,0.12170005475277443,0.4625841564732017,-0.9992612495218743,-0.20352528692123173,0.7217314380091552,2.1850445796682556,3,2,normal
0.4550178756398257,-2.2268614838066623,-0.5963303029401744,0.3840422889539138,-0.3604134979848697,1.147954321067317,-0.2804794761165982,0.5115667583458937,0.46233762474779777,-0.474823042563823,-0.5398655464575784,-0.37694808627394305,3,0,normal
-1.1069827662683842,0.0210215851622077,-0.7045123855263147,-0.022063899260119032,-1.0848441989945707,1.5717803076608021,0.4983611229456965,1.3489575534969207,-0.6521579641904457,-0.3876116541041921,0.46310805830857243,0.32468697214127407,2,1,normal
0.2902822939470612,0.784968393011132,0.4785718434448386,1.1215313144973942,-0.5390260150761083,0.9798022376089806,-3.5060141976202983,0.30567088462429554,-0.2665374935781679,-0.5009825459419697,-0.03445066768542741,-0.11463812138320668,0,3,normal
0.3625484129544465,-1.0220714064487062,-0.6127571334661507,0.35510140214598906,-0.5303979414745486,-0.43678789016087904,0.5005755795989569,0.18326913386719546,-0.5691481069680454,-0.793577276083259,0.5148870127354346,0.7362285313404489,0,3,normal
0.5980932077066794,0.4956199840691255,-0.29722873682632467,-0.8237352475493644,-0.08724212752094813,-0.1753148195732627,-0.6414441348876275,0.21822818256097387,2.8341912945365784,-0.5227572281984609,-0.3675286068760879,0.6755159363082065,1,2,normal
-0.7425249786158137,-0.4413390411402355,-0.45736162454293594,-0.09029190151854605,0.7799826514011411,0.4944015571736166,-1.43838365952635,-0.3456264384915438,-1.0128160468017788,0.2805669519925072,-0.5163699200522974,1.0247853576078014,3,0,normal
1.8721459847119848,-0.32913743954061536,0.15513656042036358,0.724765924322292,-0.7072222268165391,-1.477747446451306,0.43642411826438177,0.27127585023988837,-1.887604646349085,-0.12490068627328935,-0.5484946936977714,-0.6802510901320632,3,0,normal
-0.022815670412729416,-1.478202943248184,-1.4277614318370146,1.170218818571457,0.5631141611607052,-0.13967279961034004,0.04955637293599848,0.24492136024000385,-0.020766274372557673,2.256032538789488,-0.6213924063935803,0.5409125044381186,1,2,normal
-1.1776532845347019,0.563737899338129,1.6797674215861709,-0.10168446105685823,-0.8015658049597467,-1.6358518432533224,1.0568174970872382,-0.7208443671250792,0.17346853443840085,0.6498901819655051,-0.9656722662650471,0.028039550275218223,3,0,normal
1.2915989409464503,-0.8575219730769076,-0.3155950126425741,-0.004411488450980805,-1.6190072991987559,-0.45332387711691463,0.8543913322607458,1.961092666823818,-0.9454104102878792,0.03782206419789634,0.3315718459827577,-0.3054282579023945,3,0,normal
-0.6177078586531022,-0.22805804913112684,-0.45329175828003165,-0.8366341736091848,-0.25225013081887965,-0.15138852585833976,-2.2485813984777625,0.11387261577566557,-0.2102584179326092,0.04777500508038124,-1.9807428286710944,1.9256673926032641,1,1,normal
-0.007860697368421828,-1.6080141204965681,1.0423697880439622,0.6058190602587505,-0.5503611325765609,1.1972104719576626,0.5316231529381257,-0.9992094788698032,-0.6674798421804459,0.39932272528675217,1.6075285321520676,-0.44601927532268093,1,2,normal
1.3732687698556032,0.159964447647102,-0.7209851440318344,1.3021148115207277,-0.8945244999577073,-0.196078917470496,-2.0970217818711654,-0.3351388178962582,0.7962628431180001,-1.2490995238000464,-1.5220557964191166,1.531194181149361,2,3,normal
0.6326422974531062,-0.7385668220326196,-0.07684900333135374,1.8974530366793672,-1.1739946354609792,0.9644258579777146,0.5363899955577786,0.35627060951284506,-0.0833726668654324,0.7721512155188476,-0.9151381548395061,0.08980604172481502,0,2,normal
1.3528602629798756,-0.16162360216966243,0.1525969578057874,0.8882554606716836,-1.6318025609416449,-2.0798052555822313,1.380435023037802,0.31917484143166464,0.4946855704966691,-0.42994688505328177,0.06837561054031706,0.7934204192409255,0,2,normal
-0.0802610892355747,-0.5525576411556471,-0.8866499461284507,-1.4999731158272145,-2.4243250528373186,-0.4112856980354063,-0.45896071136410577,2.443473421949654,-0.6312401897039166,-1.1433055503599385,1.8597217078084598,-0.7401051506265376,3,0,normal
-0.3481277380350029,0.9731793449647851,1.0000958629032748,1.012582291196727,0.6737426254413481,-0.9216121541047552,-0.6289290693915255,-0.44469709014600123,0.6467893917031046,-0.22921504350869618,1.1070236389334327,0.29313434831508056,0,1,attack
0.37795747819405473,-2.1615732102519494,0.21084657634439966,-0.978751901193853,0.941366299616482,-0.11145077324835367,0.7867675009659354,0.7221649199512696,-0.49167150248007574,-0.6470318269734369,1.1288458918310347,1.4019627588943504,2,3,attack
-0.725921424003385,-1.5359472063910997,0.9327828308421314,-1.3684551017988886,0.025539509637327533,-2.0034340279292997,1.1526107841143571,0.45335139750016534,-0.32487613292745743,-1.1582691245749221,-2.7177632846330746,-0.015595981539131944,3,2,normal
0.744024959243304,0.29917098703569184,-1.2379767855284873,0.8070447042553144,0.41491399696003756,-1.5122001405139511,-1.6331134656987116,-0.9022840195666628,1.2991609933261012,-0.5591060020955905,1.8332588360023048,1.333346821987399,0,1,normal
-1.6012756722530745,-0.1739667121544254,3.408999986604702,0.07898240422279673,0.8002793670020009,0.449840893117302,-0.18771722633145993,-0.6505384301891728,0.3696344008553183,0.5234298626562787,0.690827148239252,0.939790530727482,3,2,attack
-1.0195455873951351,-0.8512732882205002,0.8516982919497222,0.24297896703674854,-1.8425203658487108,-0.8901580380121218,2.4603953523538546,-0.2838304640267257,-0.20236130569156913,0.43212455874929045,0.5530722041442131,-1.3243861926251028,1,1,normal
-0.633443106965219,1.6245894734483728,-0.9109107454050657,0.12692947324114096,1.5121686558362513,-0.039336691133024376,-0.0107761944497328,-0.8433359375220792,-0.703096360831199,1.2023628723649689,0.6490715721017687,0.3298719122189295,2,3,normal
-0.4305557713173719,1.7146380016537315,1.8430310645948873,0.22558343170837644,-0.7782826997102789,-1.0309874050849204,2.3458129671407337,2.664325934023308,-0.5919678402002588,0.2619316485942756,-1.9692145039499211,-0.7563983808492739,0,2,normal
1.9889406162796128,0.8504009731543052,0.9019138683627681,-0.2756430140830882,-0.9861005177853337,-0.26415438968036653,1.1883427369177781,0.44795559252840145,0.7117493833328425,0.713855990294753,-0.6919348905235023,0.17587536748277663,3,3,attack
-0.8664350533112289,-1.0203326555247294,0.541350541319492,-1.282290129527442,1.560839632093971,0.2693916699744032,-1.3144475325956029,-0.5374616272895258,-1.0535344035842165,1.0023297188802578,0.6210327461548788,0.10100335881557716,1,0,normal
1.7249936384872446,0.09654825635550865,-0.2002639287717791,-0.8829830742722796,-1.165647357281321,0.4376375669621915,0.8719465642970996,-0.04071006738742835,0.34028656705367105,0.10900383219130778,1.7716961365374895,0.2691222810962438,2,0,normal
1.221470348267332,-0.1341224456436266,-0.8139401030543394,-1.527422025689961,-1.0606192261123595,0.453312511132175,-0.9812979527173424,1.12791406724617,-0.3728577725972793,-1.8577311743458869,0.18963132249250486,-0.4868284100353815,2,0,normal
1.9016950512491642,0.7041864427123944,-1.0089929151801218,0.09594877550770045,-1.430609100585619,-1.5573519044672777,-0.0748031696772685,0.5340903491218808,-0.5003345924317897,1.1584854581114237,-1.8340416330804927,0.5626050879655227,3,3,normal
0.24851060629210822,-1.50078585177749,0.43580508036452714,-0.3115448085179961,1.193571048945651,-1.5745740077197143,0.6758517204849395,-0.28893149386275846,1.5365204720470869,2.5864439855842694,-0.3808838952875199,-0.28028534586212794,0,0,attack
-0.09995697872035542,-0.08359925399814883,1.0086547293276813,-0.5643040122793518,-0.7684641830289088,-0.06259635958971514,-0.013293368282867219,1.444056902399435,-0.5535705719925859,-0.6144103900042619,0.5772012256755574,0.5163211836826869,2,3,normal
-1.0324522300856023,-0.37573008989345186,-1.3929557055007415,0.7476085494264904,-0.8558062851512521,-0.7036360999333529,-0.43957332393369575,-0.9513645418734659,0.018931090414372995,0.8505849217588992,0.2516721926088329,2.1019378735270355,0,2,normal
0.10729601954768825,-1.7209413733685053,-0.07374606158509957,-0.6422872341955671,0.9094316025591286,-0.2537669505403798,0.31824935159675594,-1.4384451372957445,-0.7515344243656564,0.10292620967510453,-0.377810637341639,-0.021112744170110765,0,1,normal
1.5966203877928482,-1.2882620648606675,-1.2547261117893496,1.2825843740374105,0.1852207985363469,-0.7312932022944666,0.3536985600382071,0.8999845149305841,-0.763878583809128,0.9006429470778491,-0.17612233053396556,1.386095437346031,2,0,attack
-2.225470395634966,1.8544406701991465,-0.12007529183865581,1.1634977771564914,-0.6128219152044362,0.48863624293212315,1.1007016301686614,0.088600657396562,-0.4099034103467612,-0.7327025985559792,-0.7240313582272435,0.792897016224917,1,3,normal
-0.9653993968462555,0.705618923424023,0.036927145595008926,-0.23261215459801624,-0.6989375731698816,-0.47191518678718725,-2.0323103299180314,0.6175836310280014,-0.4663976330246625,1.2259265688889354,-0.7880565912649128,-0.8226180232401439,2,3,normal
-0.06571505556819862,-0.4074309828440359,-1.1638341033454007,-2.053337678574817,-0.8623511025682723,-0.6435981806672091,0.6846942745712122,0.7314542783760932,-1.0368296158951478,0.7644441966197076,-1.0419871406963426,-0.7025328052084486,2,0,normal
-0.446506724868716,-0.9064335913926787,0.7433933365502896,1.5434371750121356,-1.035565370454778,0.3790209403244595,-0.02042082710444448,0.4798989886404432,-0.5791185508571353,1.2509363568774132,0.6597835393138908,0.5421974034801685,3,1,normal
2.0710099791234406,-0.6948144462830553,-0.0505222843323399,0.7127660752479942,1.037142871114371,0.08914465585342667,0.6772318752990303,1.4780562545966762,-0.17321089535552586,-0.24211734571690632,0.08261749558369681,-2.4565427301532754,2,2,attack
0.5937877352177423,0.5592152321538698,1.9996518589745744,-1.3732248880500175,0.32466919465957556,0.4362987887986743,0.7129051021209369,-1.1875931981615568,-3.081291365109868,0.054370250750143484,0.2696352561410686,0.27150882549600314,1,2,normal
-0.6742184634419546,-0.8304684958591587,-0.09808824248162025,-0.9381499003002719,-0.9438441535832053,0.27448530416998046,0.557480151655778,-1.1030758725484155,-1.8306691463043716,-1.0221223782944313,0.6904211957262935,-0.31565495324963644,1,3,normal
0.6909910566416764,0.6203385247422646,1.163891609706219,-0.34776763782567116,0.12255606839853377,0.8663869566876221,-0.4314880496466189,-0.9755549862100885,1.1027356270216633,1.5156720511640818,-0.8621230809658952,0.5328199325191533,1,0,attack
0.4535133860361352,0.22687417181910394,-0.38197606221411157,-0.8337686055518702,-1.184441403762669,0.9770071456445552,-0.0004542136573657495,0.5799522279737864,-1.8133599241178293,0.9895184644734396,0.9591140204462822,0.29689437195467444,2,3,normal
2.0704232756670993,0.21619484331515873,0.16404130804300396,-0.9419225044212426,-0.6419888248091542,0.47522163277437873,0.32363049552583645,1.1689081647260788,-0.5911377515538616,0.49643356678379424,-0.9216827742184939,-0.18041527183918604,1,3,normal
-0.634265738185757,-2.233320603207282,0.7786242529914642,-0.9232749243084138,-0.895920006440024,0.13695344472266646,-1.1776237440382262,-0.9639771082492418,-2.589064041366565,-0.041043000635692974,0.6179654061977292,-0.4686046921085519,0,1,normal
1.0776750536669941,1.4437683103096726,0.6585126777361361,-0.3384118912959816,0.6978641349105531,0.7067400782993956,0.11640311995686055,1.0964183401058778,0.41763256252265557,-1.2246750433578397,-0.2786472552626216,0.07332243492271809,0,0,attack
-1.2536243848004247,-1.465208521639268,0.04876579104599529,0.4583914456518823,-1.0516317726649735,0.4768803142000664,-0.999021529354578,-1.2611055936903361,0.8650323098316447,0.11346444511281101,-1.861031543512078,-1.6729866497843666,2,0,normal
0.03231841627737365,-0.930015923713005,-0.9065673687719893,-1.4461804615881229,-0.3192989518143819,2.2546448308187754,-1.6871673701386898,1.6048071762633793,-0.9399143828088187,-1.2633223853833584,0.7975219779564295,-0.3032872950829884,2,2,normal
-0.33852747876770084,1.0658702327753122,1.9305606268933158,0.32327166682229846,-1.135595238729743,-1.1527636314865488,-0.17679679171216003,0.9374636603419784,0.34889110452929817,0.21094587120659758,1.0496341836586043,-2.2845191860465706,2,3,normal
0.8195838058327236,0.0033840601644780648,-0.05647950808153182,0.3538487377930682,-0.35957259091596083,-1.1457472212801032,-2.069343108977014,0.27602584153248616,-1.2811108356843843,-0.15230822660417778,-1.7692166101193432,-0.09847224920783422,2,1,normal
0.42306225827467636,-0.43659011139941467,0.3543502321754582,-0.7916072461742782,-0.5404329937235118,0.14466917540531676,-0.038795043222181275,0.43611995498573025,0.08951779158337507,0.9504816411667459,1.6209185824835086,0.6239099950989166,0,2,normal
0.9459215383271238,0.3540354808101916,-1.0607728222386035,0.85004730830265,0.8656636497942729,-1.1078160071033363,-0.17015839595487,-1.5491039732498373,0.3214920361253021,1.4936842255070075,0.15715827396036264,-0.7037671266891354,0,1,normal
1.0891371129820568,0.5287927328348703,0.20224397437542374,0.8293927265274171,-0.21886955537983593,1.0898729705563108,-2.10408260849718,0.5308355154262947,-0.8200602571797089,0.3728443020709431,-0.7899977261539214,-1.6338881606329443,2,2,normal
0.5073662913962494,-1.3542546145877061,-2.4426214107916655,-0.24855318131154686,1.3049490128846999,1.763042786828603,1.5234616329245094,-1.9215893646475766,-0.0745398831176696,-1.006055282414616,0.17743480711127418,-1.934638021832958,2,0,normal
0.6083214567633896,0.1719422417385381,1.2633968719538313,1.1977294459982863,0.07732528210580235,-1.638086669491271,0.5538491376639502,-0.6887991882303967,0.021738925678759957,1.161775481041205,-1.9576026727708309,-0.313950224442564,3,0,normal
-1.0231751757364707,0.19572389036147564,0.42322687780888196,0.3003152003781453,0.388331912428448,-0.8399253767101504,-0.6273713154297997,-0.1177410172894514,0.16504595854728674,-0.14470726991513386,-0.9716500777166612,-0.3636750130092062,0,3,normal
0.1367385394554222,-1.1798840407058595,-0.9690797852355526,0.46151762555754344,2.2576022506982443,0.12978214094253418,-1.1479565656372215,1.5692208799184433,0.5190452035867651,-1.0578608238203409,0.26421328077677536,0.3831781899363019,2,3,normal
1.0169266227292177,-0.9571787321801654,1.0355368363548927,-0.4147420763745148,0.26173997627965095,-1.2475868179550507,1.2165094769138178,0.1993841272065414,-0.9090706967550057,0.411220768115958,0.6958027361006496,0.9326245609945315,1,3,normal
0.8230292216164999,-1.9141444897442532,-1.1211404590992038,-0.11072513189002614,0.14513347354873432,-1.2846319052506598,1.0379654387614425,0.42512414704129436,-1.844572275795442,-1.2781264250596351,1.1418615910504297,-1.8840297099408898,0,3,normal
2.047694143391298,1.6018226471625945,-1.3127462752265624,0.3514478402005141,0.9873242620704105,-1.464175272524997,-1.9844768759739166,1.4508621409786115,-0.3295800041295117,-1.8013572735740828,1.0094623289029483,0.9943972518615474,3,0,normal
0.3354718507126109,-0.18301814622026197,-1.0910805679846858,-1.8085697599816593,0.657820158245081,0.377831733050099,-1.5956549818739836,-1.060484637690896,-0.9642163757911933,-0.6090409953521156,-0.24225183253905017,1.329704813208088,3,1,normal
-0.07590560279831685,0.9724198307720066,-0.045500114612938417,0.8600751794617372,-0.2805620250734763,0.8036076411899673,-0.8838391689522069,-1.8793483241959015,0.9354254909228854,-1.4335928788311,-1.2954428791422217,1.3807003848167847,1,3,normal
-0.47315252238410044,-0.052093063658514606,0.15027863558183366,0.3859798105622246,0.885678575343796,-0.39351015880740664,-1.0851794215007973,0.8635363624307908,-0.24901411440495777,-0.6444859199299475,0.5199194827388852,0.593215377989621,2,2,normal
0.09014843366864311,-2.246298701334589,1.9871350630932871,-0.17837306752415286,-1.5625145793140787,0.44039760467475053,1.2127116795409336,1.0705987121556995,0.2860495828552623,0.37149255209736765,-1.9319491060335523,-2.8804171492099937,2,0,normal
1.1582116405757994,0.11840338375468491,0.10424473064650246,-1.6988238692920974,1.5807591914516526,-0.7556570800535691,0.7065586435431676,-1.5645527532057641,-2.3174294488047553,0.09513073370335827,0.39893328675230233,-1.2846449388934984,2,2,normal
2.3558885748496516,-0.6647566885477804,1.2919151278967724,1.0322436722937405,-1.5718401544554903,0.3750564548600212,-0.9701998319533037,0.11439940057708589,-0.21613360361203732,0.9158442302590563,-0.8309685979308633,0.48223773898371464,1,1,normal
0.692249129087357,1.0691032972318202,-0.8925234628081677,0.6515123446810478,0.694736044240911,1.0273049455160557,-2.45472816003065,-2.0237365199129465,-2.0772470491163038,-0.6391940003454517,-1.3957785524668043,-0.547526690274466,3,3,normal
-0.3695374798898229,0.9622057230242116,0.8220217437098891,-0.6245281036191952,-0.2756524535036803,-1.9018851503165946,-0.7330465528098823,-0.32517848442563996,-0.6364207210158304,1.8691952491613208,-2.674669160232302,-0.7268725801260598,3,3,normal
-0.13972940824031085,0.739853981503231,0.2472222729642351,-1.8475609683183738,-1.114779896097558,0.37411516086656704,-0.0010105119916883523,1.0097201364144126,0.4636498896358239,-0.33000775722360304,-0.4707787962335268,0.6076985133239592,3,0,normal
-0.8204449645708963,-0.38906325704875966,1.0457370337667131,-0.5466478595641309,0.35184825490136656,-2.7227749391052596,-0.9194429574135029,-0.10680863100290854,0.4302255554485006,-0.2722797630572889,-0.05489341256653593,-0.9695370670879369,3,2,normal
-0.19143332272211427,0.6679584688714034,-1.0696672782498222,-1.5076931337266728,0.9002228353194577,1.728304957539547,1.312042530446063,-0.7704531630002506,-0.3742840930948273,-0.5276294014848385,0.4607025659919541,0.7093188807861484,1,1,normal
-0.8324453008044512,0.5330332592818671,0.29633218528591787,1.398096158432456,-0.23964778785102125,0.25548249742429985,-1.8579637383161738,-0.5154077805832751,0.5612485219225045,-1.3603345704178593,-0.916920199881069,-0.12888261628969064,2,0,normal
-0.42803081321170766,-1.0185650755011277,-0.6454828902861501,0.45784686447672135,1.3418949798292363,0.8507259990396547,0.23006732606540076,1.2968267288385473,-1.6109632612127667,1.0776438890381155,0.02294156922968304,-0.1596678665231805,2,3,normal
-0.7101858083427753,-0.07663742206012798,0.38575082068259614,-0.7286269373073004,-1.0136578543875232,0.36548326907231987,1.4788842626356677,1.0911986574928059,1.0604657131059865,-0.7258243683416759,-0.5467354372587582,-0.45257873503355545,0,3,normal
1.851227458989708,-0.5141658335196098,1.1272150013572018,0.7663089382383412,-0.9050685787115155,0.4052599242518055,1.3309184053596368,0.6517049188608752,0.22587271539655276,1.0696961828028153,-1.444941277801199,-0.5413628291657382,2,1,normal
0.015578692489573526,0.7031936705544123,1.2238418975848084,-0.6443128068836693,0.031221795535005276,1.2013150475103629,1.1398147254112014,-0.6433199665541978,-0.9531146421424285,-0.3880413384562329,0.33677463521050116,-2.447077847309507,1,0,normal
1.3913240283851898,-0.23781300323374033,1.0087091095568699,1.456753019021844,-0.4449820583427981,-1.5053361223908859,-1.7294116549802505,1.6301954163582844,-0.6944730189498899,-0.07373376804530962,-1.4112465789912536,-0.5600965739033175,3,1,normal
0.23842004139419293,0.48381838782500947,-0.05824849582684024,-1.0663748958048531,-0.26162820072659704,-0.3239994046607081,1.1760000180498245,-0.6400299447278157,-1.292063138797391,0.36779963474850136,-0.956965708531872,1.2726407107659923,2,2,normal
1.2776899704385896,-0.41938876547173726,-0.4388204927874766,0.6185093353077954,-1.6752461750916119,1.0069767066726314,1.2909197309401197,0.20161894295748753,0.06178129374392873,-0.6731367805699257,-0.8913573794149384,0.358089854399023,0,0,normal
0.28277942461283456,-0.6113285415306722,0.9897470102941708,-0.39163675215824306,0.9565976051535341,-1.0143554931721004,0.30919286250262035,0.6083040531719838,0.9787564093890432,-0.31616770955524276,0.02526158800951996,0.1082041549073216,3,3,normal
1.0980728777034316,-0.9023545669986901,-0.23137588899478642,-1.8019691599917793,1.6328934517099702,0.17899736356093818,-0.3547986128132268,-0.13041399479730187,0.7600309459150767,-0.3365083503838824,0.25527733749224457,-1.4595577584683617,1,0,normal
-1.2872330207078984,1.1555592930329075,0.03111340511492224,-1.6376659773326174,0.08362284736699645,0.7593488817528474,1.5424499574806516,-0.8043706990839846,0.1555962710834076,-0.836376324024813,-1.7224133426656605,-1.0217841503321072,0,1,normal
-0.08080405507182951,-0.5639669215750278,-0.28574646287930666,-0.5366797577652036,0.17749212221229224,2.2180865405762953,0.5386157972653091,0.9854197647439195,1.9528625720104706,-1.4211467456411429,-1.254407088946978,-0.8428808386342794,2,1,normal
-1.326775240189548,1.060736445289867,-1.221865092446899,-0.6988667201952401,0.9371068913017612,-0.8717373101699188,0.23681092275970575,0.8067684088961603,-0.6832183438685898,1.1754080578738797,0.646504326946826,0.41398477994461647,1,2,normal
-0.15817599125161522,-0.9824333927936014,1.9318516547418785,-0.579412367210001,-0.2712474625106154,-0.12554542262272575,-0.17177823990030683,0.5635605269548846,-0.7845416369548678,-0.037321384812216106,0.9615151138922371,-1.0816167271822503,2,1,normal
-0.04008409720293229,-1.2712001098787946,-0.15418823431804463,0.22595979640538055,-0.8487315577891329,1.887253153672492,-1.4327370822808498,1.162655692525949,-0.16857956288898174,0.3078190629131192,-0.9971755758837193,0.5963932070947233,3,1,normal
0.41625755514081947,-1.6545849391436926,-0.17967955848718387,-0.2433796561629345,0.8375432128656721,-1.240155666588116,0.7296519795577489,0.319069340091058,1.5211306079923068,-1.344279710656624,0.9629998188217301,-2.7098139107191197,1,1,normal
-1.320165036230537,-0.33817930487713854,-1.1784677867253073,0.7329250507982262,-0.5261149768402053,0.0662246113484752,-0.06347707717435049,0.6801112287592925,-0.7299882766007382,1.0079265129358226,-0.21107920297725202,0.41779411503306046,0,2,normal
0.5985805676795412,0.5025604509274022,-0.7971051522117576,-0.5684815945906772,-0.6023683510729676,0.2300444809261946,0.19131790874403795,-2.1847826578209517,-2.0853559077751926,0.7543993841796353,-1.161065688708136,0.43553020038443957,1,0,normal
-0.8121104198055797,0.37296565639156076,0.2536458061635286,-1.0753287971622136,1.1563349572544976,1.1691253381309479,0.5357628467259694,-1.833565442055473,-0.7564657452371726,0.47235129142488114,0.9297922956500996,-0.8387941815196888,1,0,normal
-2.585630633055953,-1.0408651434514982,0.6506510670288969,-0.8252033391888343,1.4306351351415352,-0.33732010626321096,1.6106308178544717,-1.1618415457815117,-0.05764164721388425,0.746089200232174,-0.9043760034930177,3.4397984028975124,1,1,normal
1.2171425299797682,-0.43437897535506276,0.47844359023642047,-0.35007550380717756,-0.2154445623050803,1.3077783584601403,0.18256165221490028,1.6833429351592926,-0.06808461483984035,0.8773225125830627,0.6111617717800572,1.1759404013950017,3,1,attack
-0.3322282456133321,0.44671908601676424,0.406205863659131,-1.4635644579626004,0.8184798351503924,0.3051548959766537,-0.7993693108946932,0.693841225419574,0.9329451950527875,-0.4266347779143084,0.4840958245402418,1.3939279719316082,1,3,attack
0.3531464230353053,0.062426416943926616,-0.17946721439516147,-0.9472462331537804,1.0366080402297848,-0.14621238182078863,-0.9304442561127775,-2.91576196727513,-0.026270601824321244,-0.6787564328799477,-0.2360608024726535,-0.010721703330367914,2,0,normal
-0.24582222963612843,0.40059717598321476,0.9675121595898252,-0.45047661345342044,0.2942692721731162,-0.557584747704949,0.7791740342875866,-0.24518304520742656,-0.27366075515286437,0.2882385019941952,0.002900191930627485,-0.6110422476778822,3,1,normal
0.22950555597342293,0.6820022782795778,-0.08120845060391274,-0.5810435971389585,1.1621935997162331,0.0610909790982239,-0.858982119107358,-0.9284859586907485,-0.22315443651997346,1.1250995043632395,1.2027689600171958,0.6859694171821586,3,0,normal
-1.2123580230629218,-0.38441256753988684,1.2914719187214205,0.8126441642777806,0.2355769730269338,0.8000932542853153,-0.2688061173582812,0.3609234309681656,0.4905612316830561,-0.7939319215881424,1.0129025792307123,-0.357063196476026,2,3,normal
0.6739928295811414,-0.9614226581375276,1.449636013582643,2.2075440527019143,-0.5279537004287936,0.711615039203211,-0.9045052080506034,1.8881127687564077,-1.2951960580748707,-0.31275147893964195,-0.49104322537732437,1.7186663554625907,2,3,normal
-1.018300721750022,0.37007908947281215,1.0915277865864472,0.3114825613362102,-0.4394389030275389,0.30962030142443125,-0.49213841966914884,0.6583737850749574,0.5761739912692823,0.2315446199707696,0.9282814336213834,-0.42266973533671076,3,0,normal
-0.29234709988689084,0.24671338578088942,0.5451812231364026,-0.4441928244276278,0.5663694500099343,0.6102755382151578,0.06398191435254307,-0.14942302262886464,-0.4759490912135584,1.2931694151591975,-0.7430748490184099,1.6035211450962237,2,0,normal
-0.32998878681938515,-1.4764300077417551,0.6478019132513592,0.1400182770077169,-0.46398220874957075,-0.15087567237129618,-0.23926067306351234,0.6535018330797667,-1.1710036148478007,-1.0240235363006114,1.1847280738347226,0.5122862000302272,0,0,normal
-0.21126732117301547,1.473348917885962,-0.5198712979463421,2.051450278015784,-0.7282160155511843,0.2793254346540572,0.2203666455301837,1.463381307673957,0.6148338377386642,0.49568023935173416,0.6430326436117779,0.9615859729471635,2,1,attack
1.043574719401959,-0.5921370173221526,-0.5006095334826399,0.24785194862186358,-1.5654789323661915,-1.6708325942533309,0.29797355132492354,0.3956693791339758,-0.37306601826814945,-0.789172967328008,-0.9015060926440179,0.1734758071507124,3,0,normal
1.691684907146785,-0.377564757596101,0.3878037795963051,-0.11387523972838329,-0.2851590923357241,0.7552359483373403,-1.568446272305246,-0.5764061136271114,0.29596854222488245,0.07966840543879197,-1.5988515518855688,1.6904710742659466,1,3,normal
2.3670764156768667,-0.6276474835602565,0.9092732444621757,0.44930624922107115,0.08085599747035384,-1.3392972347809553,0.685365633353314,0.3348252412902223,-0.9355313892833342,0.9595548640952257,-0.6286196296749359,1.0885789992190888,2,2,normal
0.12626291466666853,-0.43675861137384325,2.0450933733112233,1.4054548054645228,0.6971664187502983,-0.8990392311177313,-0.383111549002238,0.5573430824900062,-0.5280936567132059,-0.6479438451444038,0.435919986130441,0.29138792394670493,2,3,normal
-1.2850550338031823,0.8232496855745781,0.03320713236974269,2.044154293353556,-0.04172230891901453,-0.12921639967263276,-0.7147330488058063,0.6212616020163259,-0.3364265979220668,0.1094233695467489,1.0573119826515074,1.3843604132453877,1,2,normal
0.256763435363675,-0.26509163724277746,-0.13347786122541758,-1.0224221512665028,1.3486645475561436,0.626977002989055,-1.2879204680525225,-1.1839419803687952,-0.6432529164541166,1.5750079111610813,-1.3873527633900722,-0.09652004867185231,0,0,normal
0.14608356885746213,-1.069214782241168,-0.3081172962423667,1.4999788001097365,1.1461394327283079,-1.4341610214344425,0.39534295188395835,-0.013724701233449597,1.0918874504333564,-1.2153834811038187,0.0730261700383608,0.6766447165828873,0,1,normal
-1.1068034687301127,-0.05657662530566128,-0.06994131306688024,0.4019818930341945,-0.6093673240485729,2.576985771090647,0.6404191838419296,-1.0632150313724082,-0.7977017841660589,-1.0977581815276254,0.08984467739214705,0.04903107431553377,3,3,normal
0.7163340414226761,0.3023288929228232,-0.6796678971847192,-0.4533307633612818,0.5765758663130928,0.7346797434645248,-1.2819997923509014,-0.5044643426484609,0.813505334230751,-0.6269022857734908,0.11288152767567065,-0.8545865271490741,3,3,normal
1.1231474068766474,-0.31151991650921007,-0.4570542356674288,0.46032197635805355,-0.13333458022416092,0.2945405880808835,1.2476926880641916,0.022687957454348342,0.12235967721472085,1.5417555723600882,-0.10059447943655023,-0.14849587615560392,0,2,attack
0.955245732900846,-1.1665423675141244,1.2341458496846416,-0.09846054837354022,-0.6025000295579042,-0.39722593026560976,-0.6753020240616086,0.7426323379834685,-0.5530971334431416,-2.0278425660179002,-0.6309076345102429,0.6854568225163883,0,1,normal
-0.22901753598076494,-0.6337474185006008,-1.065103928845202,1.1314315477939236,-0.5745727670769047,0.582090429792549,-2.0020557781143484,-0.30072647321112683,-0.8945721787066158,-0.29086839290696087,0.13072174721576021,-0.4428779345588906,2,1,normal
0.3642332088040246,1.0996915732428396,0.08399936168658276,-1.1677689074876507,0.9548812325336622,-0.7055323467403553,-0.02998233608478369,1.048960964302599,0.10259978574602902,-0.1643444594094314,-0.22367317166399703,-1.2284792412732772,0,0,normal
-0.4317614461927796,-1.2375750914308252,0.41705084760291483,-0.47397936542049024,-0.02048671775645835,1.029258291096202,0.7955796588079705,0.2909281135645234,0.8193496077677148,0.7011372511541027,-0.011254842812833883,0.6247399937078179,0,0,normal
1.3703418000336054,-0.2665596423094217,0.24917354158784544,-1.5803334406913543,-0.8398659063082945,0.10660435012381918,-0.4218677140275044,0.22659630931412927,-0.286791009573943,-0.18497386869311327,-0.05690994261139112,-0.6192649239263708,1,3,normal
0.6641806442922672,-0.7202110957079386,0.04255600059421369,1.2515480234890168,0.1227400480225647,-0.611075128237615,-0.5142637758092937,0.5605230829227357,0.6639893726922594,-0.6943167576413829,-0.6236054213370202,1.9771822310216238,0,0,normal
-0.8368699690683852,1.501198506421757,0.18881950513321896,-0.6347278928332362,-0.24404267507453362,-0.35468952250554686,-0.3556218047323978,0.37107885275912045,-1.6909473621696505,1.049244808536103,0.44922435854199494,-0.8008802196979301,1,0,normal
-1.5580413135935094,1.6713672315940125,-1.5897644347134117,0.2986777382489209,0.5478529022219433,-1.2036614750407764,1.1850786167641727,-1.5463654185752262,-1.7734821954751439,-1.2639861461285018,-0.8426811079151778,1.3730113142210871,0,0,normal
-1.230501144235736,1.8716824427270178,0.16901263404876385,0.9894757653245275,0.5040838577574106,-0.7645586713051362,-0.31134006412596643,0.4441522272369626,0.407726590525269,1.976727647604799,-0.9256735099731578,-1.3594828658913876,3,3,normal
-1.2433807700935537,-1.3402326437182968,-0.19867019535299876,0.30881544447776804,1.929819020650207,0.09150222574050357,-0.6369913769872353,0.12115245536616852,1.985193895230953,-0.5280326246374536,-0.893130929312516,0.468632101733409,3,0,normal
0.7104009967371513,0.7195185837171078,0.6109518368800886,0.9934635082940143,1.8249200956517555,1.8457519908800277,1.0282567243695686,0.38092730910817935,-0.8177445957157791,-0.6300781698134611,-1.3783223913146396,-0.5787140161717037,3,2,normal
0.15005486514752722,0.8320571459223927,-1.2060056787667222,1.3587577348178492,-0.1986662783826172,-1.8769783818152237,0.32225508355402827,-0.9437923754802446,-0.8892355784402102,-0.08270234728581399,-1.129191345098796,0.03770982881836024,2,1,normal
0.15567042057119698,1.1027689113372676,-0.958118968921526,-1.2339335062184251,2.5560509476306477,-0.6381545081637604,1.3203108022141867,-0.1518608902386474,-0.3836913945990639,2.1376810455978523,0.8513355103910129,-0.4438568225285494,0,3,attack
-0.2508413217743307,0.7299994826325286,-0.1550424433320436,0.5416536565501879,-0.3261299516881466,-0.1444104386633182,0.2708016016868221,-0.1717129424190424,-1.356844985544356,0.11135561676128888,-0.9808802220255988,-0.3903232539291901,3,1,normal
-0.453497925792818,-1.0594031778202895,1.905420789992692,-1.51315893877076,1.1905472072080725,-1.251895868719841,-0.49625754632817914,0.8777294092788906,0.015591635720035116,0.2009650908336364,1.902022643072382,0.6574374637272385,1,3,normal
1.248762495484487,0.20395598259946623,0.07494644542880512,0.041354449757980805,1.6394247926638905,-3.145166031708015,0.40395707686218535,0.5137834108841353,-1.688805607376448,0.2314273103421795,-0.2408556164512511,-0.9662934418489384,2,1,normal
0.19595208770654293,-1.1402065416307041,1.4654656472219856,-1.2958920944162409,-1.2077287838020012,-0.455743892084584,-0.029844876657471868,0.6353278688854804,0.2895632768765226,0.05743455449183078,-2.607821510113801,-0.4618189813634922,1,3,normal
-0.10354378928563435,0.9293298186397776,-1.0547136731452946,0.37445481411837467,-0.4143199604652117,-0.8187421723898951,-0.03948619823626529,-0.23714717199272872,0.1116395772776481,-0.08901053054685507,0.8798836868194428,0.7952584965829438,0,3,normal
-1.0807652613421699,1.5030265106303677,1.3650362808419987,0.8539565674790761,0.18410593212071402,1.930081874476292,-0.3672370963826385,0.25031575255786587,-0.9437230119059755,0.20156055697757472,1.1909527770585373,-0.40959800960964254,0,3,attack
0.818039611488998,-0.9356814336552233,0.533278875372352,1.6710723566719157,-0.223831074423792,-0.07067085274319038,1.1250215933908034,1.042294398978403,-0.03160985664561398,0.26010044950984784,0.0607611996059192,0.9760238463853054,0,1,attack
0.6784640073173992,0.3123887422081975,-0.7013808838029589,-1.468696410800589,-1.8624848616564937,0.44324039661026504,3.074577008618543,0.64242265951459,0.9394048400211192,-0.03296075641816162,0.4321027192365457,-1.0127348640193927,2,1,normal
0.1287646460809847,-1.1566048292159474,0.6267508710582932,-1.2137515948258626,1.04678272324619,0.030018540762018205,0.7215429258642141,0.45594016963848527,-1.3656616681922724,-1.2291750862888997,1.1047322952888357,0.4661943271181439,0,3,normal
0.8766459540412018,2.1402621026596935,0.7620342289445372,1.6859997656450614,-0.09415997430647563,-0.5796209656742963,0.2615108640443973,0.18812120833110796,0.38344860284618804,0.8680388414553508,0.9236481737896417,1.3592979327245873,2,0,attack
-0.3300267935877413,-0.584713412715208,0.5354325437306986,0.8927861088019202,0.3887066602014522,0.3568272964281058,1.9608435056911042,0.5780540395065196,-0.9711978277318543,-0.43439064376775977,1.7255762933774597,0.9223462422694144,2,1,attack
-1.3381557332550527,-0.8276084854677371,0.43636259093672386,-0.2868845185765404,0.5368804771730311,-1.0239849238294036,0.022147898728645338,0.3493538004552042,0.6804063736279886,0.15149448017411327,0.008218352775206581,-0.028830036744004257,1,2,normal
0.594489527961373,0.7322067454684931,-0.6354633946520478,-0.7083980766790114,0.1598517398301362,-1.0380674128700524,-0.2117315418893316,2.4106596186985283,0.5349433398194998,-0.43206796143460424,-0.4804665045192085,-0.6474206920612994,2,1,normal
-1.0280222806061106,-0.2517714738063244,0.7570136899409659,0.9685380591282401,0.8242580940068143,-1.948228896196523,0.2711396205318979,-0.7509182415102498,0.15882060488526678,-0.07588349286018682,-0.3399431094983094,-1.2390172882373747,0,2,normal
-0.10107828437550695,-0.027567805567079287,0.47766766834047697,0.04900008565649562,-0.9114247901980252,1.491812792463377,1.6276314975311919,-0.30692138331233176,-1.3159920419161357,2.3180345116148717,1.6339554283937574,0.7641323237314777,2,0,attack
-1.564918257665843,1.725856082248691,1.108544871725031,-0.6221152899895258,-2.3915555217181335,1.4615454513647907,-0.6036308240685943,0.15246483989395293,0.7037600212822601,1.1548707442375568,-0.18959780432778414,0.6937094397404815,2,2,normal
0.3492016095776982,-0.1179233121720349,0.5983397853465214,-0.17053848658912138,-0.1704273713443878,-0.1155879422638195,-1.5194354164351305,-0.6214969098545607,-1.1008938731640316,0.7134335863123813,-1.5228222993787015,1.9408172401049268,1,2,normal
0.17359368766159544,-0.023681026033097418,-1.2736667128527286,-0.5001335735566221,1.6466117552285549,0.06203298191402459,-1.6002269201747155,0.8593202168011166,1.6521136942421797,-0.47090525546294393,-0.05425509176781219,1.55080765177341,3,1,normal
-2.428679159283683,1.2340618530515453,-0.6581932616053833,0.4161401879028755,1.2439949133653243,0.8304730641779349,0.5462124768071587,1.3087953222374393,-0.6440225142292684,0.19967557434463346,-0.7428525076548728,0.3560169910587658,1,0,normal
-0.47504408721572794,-0.932524202300814,-0.929230743119403,0.9604128373604965,-1.7685693715747648,-1.354961553906674,-1.8889949223723177,-1.2719505141340823,-1.9126409071851342,-1.3894241542386894,-1.2661257705200653,1.4725584854994904,1,2,normal
-0.007845681287193726,-0.8999273405511824,-2.0094184054196256,-0.8486004083854641,1.2780578211322022,-0.5057289228194445,0.7580843912109816,0.23659208854751562,-0.04814900515146727,-0.37720017080919693,-0.25889395173272617,-0.47619693343865976,1,0,normal
-0.8128724507328177,-0.06143251438638242,0.9210755976915552,0.45729766982476766,-1.6436372567201063,0.4954375357888114,0.2926644298222989,-0.6574008898081186,0.7735305224263742,0.531938885867817,1.7852901707897078,-2.2321859148139893,2,2,normal
0.6600832418867626,-1.1798055918268768,0.05209051971226047,0.44164555700833796,1.4018473557829485,0.1286181113782158,-0.8840153593395013,0.7354339222939354,0.4393288608690905,1.0899278713313514,-2.7708433739413936,-0.018851201989421477,3,2,normal
-3.071353906082645,0.18938625466184172,-0.11236490208687992,-0.9101258285316375,0.34420493722944234,0.12939104816522592,1.0039376172375913,1.3632011493648477,0.041752703704369225,-0.26904526786713684,-0.8312007647119544,1.186912460107226,0,2,normal
-0.1353412979312317,-0.2790761384865585,0.5757521829658163,-0.6492023398527657,-0.28239242409218696,-0.04654387386228099,0.924570846968518,-1.106332589141196,-1.232470300471905,-0.6729189072437617,-0.7575151704523579,-0.8517626585700789,2,0,normal
0.6881421549389258,-0.5620143365163238,1.761421420258242,0.9163079522744811,-0.024246701172659122,-0.17006505115762588,0.6382443992780076,2.360999491452696,0.39541835965380134,-1.0002513335594003,-0.0009432249553325109,3.350420621405667,3,3,attack
-0.9679429556378266,-0.33159777950031705,0.01410501113567392,-0.5873150728919841,1.3190473406101804,-0.688443603535461,-0.13552621738771115,0.48341531274565464,0.5418925761226567,-0.2695978443197113,0.11790345113560095,-0.11328452731850402,2,0,normal
-3.469137727262174,0.7119188398830103,0.18289674588741928,-0.18308021066863298,0.8823801603704782,-1.8325247017368491,1.2402716955799942,-0.6162665933863847,-0.9952306737791818,-1.0669697248895544,0.347900069214232,-0.671981368820579,1,1,normal
0.7065748518388223,-1.457256427468952,1.1862468446405448,-0.2405553541400816,1.8112421195484956,0.39305325656632756,-0.45299598425855364,-0.2857617937918381,-1.9327734792407785,-0.2743825284942774,-1.2943125559549216,-0.6966380589865296,1,2,normal
2.123911190262613,-1.096532957809463,0.5465923865793202,0.5067114990905685,-0.3275169225168234,-0.13957606219385704,-0.70230872480677,1.8038700619369799,0.542214073138345,1.0244692827045225,-1.8173092521145522,-0.18974906099600553,2,3,normal
-1.1435639798139443,1.0850972350745627,-0.3202863309088588,-0.8146076772785228,0.06317010179669665,0.13610365934743265,-0.12221538221949667,1.582804879103038,0.9664908654019295,0.1816198095484931,0.5894943604534948,-0.3840183410180521,3,1,normal
-1.4489238267129816,-0.05050250611461004,-2.427273938790809,0.9091130562292956,-0.46805092217571254,-1.9595817168958976,0.09441260415750305,2.6747019719743776,-0.7193878716122046,-0.16460121581107814,0.4623363466237033,-1.2278685310889554,0,0,normal
1.5302460431810379,-0.40554123749532517,0.32071236687724736,0.8523083367956013,-0.1368033928214463,0.7177669694326466,-1.6020903224739642,-1.4306661538981242,0.19011076006362423,-0.7039948410261616,-0.6424468656943416,-0.003266679649455026,0,2,normal
0.6199251776007153,1.330480577805106,1.9498833060178846,1.461776058973852,0.9827841971584764,-0.8270337950564318,-0.8709803064583278,-1.2206933548011942,-0.39069140263737023,0.2895791749272567,2.0911687720583605,-0.6796319269488522,1,1,attack
0.7090594241866068,-0.48819078399981675,-0.0016117328478266637,-1.7420111368812776,2.527092023390572,0.3094597184619665,0.050050232722803005,0.1335003871935271,-1.3795320072062045,0.9572284186054505,0.464003123895523,1.0146255699245246,3,3,normal
1.7415137747640217,0.9132444151185999,-0.38455501901471284,-0.19126513912601092,-1.3526598062090898,2.5241996534215216,-1.2997893978276895,1.3737657994997632,-0.7872133041701782,0.397136575973308,0.1091872019287039,-0.8727718616072717,3,1,normal
1.072456042406806,0.8913201021613315,0.26846993334893166,1.026388079030981,1.9332771441038394,-1.0272021091134451,-0.3764115377914459,-1.2543139214529604,-0.6556670042779676,-0.18200330829651584,-0.16696194298533396,0.18769093754990215,2,0,normal
1.7835729354572187,1.0082420268945251,-0.2871606450884695,0.6676994742514023,-0.47641070159149174,1.1015712313915296,-0.338278198264383,-0.04769132988868034,-1.3351305244350022,-0.4370564071463929,2.10859813404466,-2.5197830485121564,2,3,normal
-0.04317209538627093,-0.605053195052125,-0.5098654390391627,1.320326698829635,-0.7515027383594944,-1.556701374818525,-0.201808049760697,-0.13069041640664023,0.6635316143332628,1.4293773866054198,0.7379971445267502,0.8674507463841373,3,2,normal
-0.6701509538067071,-0.8886854177642496,0.27993662555372034,0.5431729188423458,0.8315413730877322,0.5181490305380181,-0.5781640217606064,-0.7281165874341927,1.217707014530753,0.8863479269763902,-1.9157934409887378,0.5122382466934433,2,3,normal
0.4259160726815329,-0.8397799977322473,-1.2872275916422062,0.8485592035629212,0.43885030761039784,-1.3995834128469566,-0.07889185928535944,1.2064279223553673,-0.4507677220422335,1.7022335639908257,-1.4067220913603466,1.3218625134961335,1,1,normal
-0.23868089495078565,-0.9844855406116778,-0.32858008792363774,0.8714123013016203,-1.328206304358061,1.134572322916781,0.6930360039676028,-2.417131931401045,0.2817191566274432,1.222587948453266,-0.7570985817168215,-2.720906924393208,1,3,normal
0.8239156500148643,1.0610520302741515,1.557386093590249,-1.0030569705285013,-1.1106901285695585,-0.6026745122769989,1.2815168146645304,-1.0087511406847052,0.047559081784522554,-1.7317339588770808,1.5031416906041626,-0.03601190016754907,1,3,normal
0.1059028513922206,3.4797688410621523,1.0549053634961472,0.5867999572334125,0.0006741900763942005,-0.2047871522604285,-1.5700273548705215,0.9103102817384174,-0.238534531347843,-0.2106063471504011,-1.640869361218471,1.2899170065700074,2,0,normal
0.1560192176181891,0.18065284657095748,-0.5036747491993693,0.5860187025080675,0.9235006876036012,0.6191028729415122,-1.1023831355118496,-1.8144103353416263,-0.12242365590004531,0.5079294151824074,-2.5926591712247613,-0.9736158859087577,2,3,normal
-0.5607870333653145,0.02456873264261154,1.1397217486360933,-0.45314302550438446,0.9197362607406143,-0.3477785013897436,0.9855869835632914,-0.6886023106120853,-0.02884581232864204,0.8916752850777944,-0.027300828634005483,-2.5080892950463864,1,3,normal
-0.35920135794334324,0.4448817969798467,0.003823969844911075,-1.1638355393764872,-0.5737211848714466,0.7050621259836756,0.8829247778069711,0.447711403558604,-0.7632491358060846,-1.0043605359353913,2.1730889136089577,-1.1979963404149183,1,2,normal
1.1943712893637166,0.09959341721549003,0.5586229561625775,0.3541764155457812,-0.3054721374466413,0.6335730925604541,-1.012187809792217,-0.4065382834723414,0.1641549931508663,-2.727435262084813,1.3603088032274988,-0.21798687398103486,3,0,normal
-0.3402990650397484,-1.1461366833813456,-0.26563549855828944,-1.534283490222167,-1.1638821974102467,-0.8096799724610138,-0.08038153835858368,-0.14443149991152504,-0.8000713487134054,-0.6203985657326329,0.5184391131735977,-0.8596860698654123,3,3,normal
1.4659233333436088,0.5746778659326909,-0.7594703642932293,-1.4817051264111765,0.02592200299088427,0.984191265620544,0.04425468506984414,0.010631440129083137,-1.617421811674138,0.7441162560640611,-1.2211790199714962,1.5116009969549635,1,0,normal
-0.035292916235952126,1.597332268093535,0.6139552528184073,-2.0979141938402477,-0.17072104300125876,0.5358908454079809,1.387506281082047,-0.2145460392410799,0.44933667222440915,-1.8008672133669819,0.1298210205682596,-0.2809807005880112,1,2,normal
0.5634416753038424,-0.1578331238773812,-0.30294403481658816,-0.1961174362628069,0.5898163285084501,1.4087552610523826,0.8758794305452818,1.0897429262330396,-1.073180799881461,-1.5040565598169366,-1.1693000096523687,-1.1460203296447773,1,2,normal
0.5007940756404444,-0.17705902742403148,-0.33926636074251193,2.293275837491408,-0.32015590465405497,0.8831528109387577,0.023659028374752207,-1.1548569520331178,-1.7637390183962645,-0.6493172955272664,0.3979999604201669,0.5153124685697091,1,2,normal
1.27934614329504,0.5252948652298041,1.8982914370235704,-0.739841071528774,-0.7289546523864723,0.8059587255968704,-0.15715524338608838,1.1033404473993687,1.6543659280647127,0.3946828884716417,-0.3413586231795269,-2.544065351870917,1,2,attack
-0.25299140124082525,0.3146889172656016,-1.3680258472477007,0.459089449171182,0.2766039639932897,0.2103234414779437,0.9820870911431759,1.6071832405693163,-1.0363290185853402,-0.13552997460744182,0.3569038420971848,1.6434950780002622,1,1,normal
0.11701271181145481,0.6952496889799451,0.1600924140255326,0.26654605506518997,0.2989775395614979,1.2217315420975638,0.6007528437583984,1.0005628162174125,0.17542176403059329,-0.24717336146408547,-0.022208007770725343,1.0569586997113873,3,3,normal
0.1464204540688709,-1.5372610450442377,0.5092381025298509,-1.1664646252206694,-2.2755217050314163,-0.0923348503877262,1.7542146176257567,0.8766631852032815,0.6254535024972582,-0.8490729158831483,-1.1297505551475873,-1.08317596550729,3,2,normal
-0.4271211358978879,-0.7853992140030839,0.0700841203142134,0.2100213793631956,-0.9535520044377374,0.5087706838688976,-2.271608126813136,-0.6361231606233329,-0.5967308427009426,-0.8065338465807468,-0.2583457361920689,-0.2774855532908607,3,1,normal
0.22314541816046496,0.36690648029103606,-1.8143403593752416,0.8928657107470409,0.4187326065862264,1.2473193991352323,1.4570525754412762,1.7800800062668243,1.3219718220807402,-0.010034819181425247,1.5124711470540337,0.04920214641416797,1,3,attack
-0.3450098951276254,0.1206567895582916,1.8959137567500586,1.1257903938422849,0.20959065023225273,0.0651986455199338,-0.8560869407111215,0.9796415478618193,-3.6642496010783234,0.14582392516931966,-0.3157606576115806,-0.6011226922036484,1,0,normal
0.9132028017445409,-0.2725527094656108,1.5686765694260332,-1.2609026625656081,2.1989009553841807,-0.5755359653275199,0.7600322570530682,-0.5524287614113462,-0.5769933240498651,0.05957006699729021,0.7776394298148401,-0.5128326464288737,3,0,normal
-0.7181427664691438,-0.5335318374355666,-1.3418805313910835,-1.2976115297479949,0.18234054734013622,0.8500266023898426,0.811436483687912,-0.07169239978285236,0.1860794178984001,-2.592357375948921,-0.8712333467303045,-0.4789799128777639,3,3,normal
0.4068017922449099,0.4222146862967184,-0.13242489240070038,0.015372825460442333,2.214173457561143,-0.8936768235263834,0.05839881678569725,-0.4790966003225344,-0.688383536364331,-0.348268716866166,0.13149602010780276,-0.7794097304116729,0,1,normal
1.8873397118634831,-0.19548499015152207,-0.19380407465170943,1.5739554929703612,1.5541630636619779,1.319750685332089,1.1587587418251735,-1.911276286805031,-0.5566046926367548,-0.30279819939092373,-0.7874720195623386,1.498922493956868,1,2,normal
0.9574303519743423,-0.9106381252915442,-1.4398475543671416,-1.650575116927283,-1.3214850494180137,0.11501006278764579,0.5907343280007565,-0.6174990936646902,1.4996334774867468,-0.26063555125928334,0.3753941891366532,-1.2062050382645937,1,2,normal
-0.33925169907960157,-1.3526537950126127,-0.009645984408471723,0.7895622025218424,-0.2361726227359319,-0.17468400945096632,1.1692233882069762,-0.47133507731619756,1.1015694511006437,0.29884839940265634,-0.6918410548677038,-0.91574859524959,3,0,normal
0.1829013155927494,0.9274532569686416,-0.23213922919812321,-1.3467284901228884,-0.5671272055053783,0.9328421407834746,0.30623244324702326,-0.2536407719375145,-0.09051970806354663,2.012085222569483,-2.716148756032193,-1.3244205511311438,2,1,normal
1.0871943488068978,0.6514030950162165,0.406371377144816,-0.8517023432190378,0.916741210137323,-0.8253965375155944,-0.6124695192581773,-0.9446740448816813,0.5456457794885525,-1.2818539252367274,0.5394551292698916,-0.5993370270178809,3,2,normal
0.6488415538808932,-0.49145975081590126,1.641846665466459,-0.33708451450229654,-0.15103377137576757,-0.5853185400585935,-0.6221502126956304,-0.10171226324453762,0.12063621129081459,-1.667758627470906,-0.7794183960008585,0.06164948067945091,1,1,normal
-0.8295923387315696,-0.08929499433588789,0.8019573177019764,0.8721910233691682,1.2140971871349442,0.5377952329296469,1.379536150773135,-1.6811029714707486,-0.6774857872483983,-1.025276643425611,-0.6407999276887694,0.7097526339043776,2,1,normal
-0.12736405981160573,-2.022435289439449,1.8738319475396497,0.8677805398198434,0.033354090346110005,-0.5303141453021545,-1.0040752480863313,-1.1766032802706312,-1.2421757268030387,0.6571331800130716,-1.6204447055116955,0.5871114250488073,1,0,normal
1.2316150459818103,-0.110301990528574,1.190235677577773,0.6811510996049709,-0.02497419378062317,-0.053608033127512084,1.7246239479312169,1.816577121382474,-1.2956393402800372,0.11890236736271438,-1.6312601906833297,-0.4102053943262428,0,0,attack
1.2706291390949502,0.199241235528389,-0.7348378110233127,0.7789771542694758,0.7130902394227827,0.6310179041642683,0.9864984102778899,0.2751907139297616,0.2619791323702827,0.5207665957176447,0.6642676698241669,2.4981948241408554,1,1,attack
-1.1020823023721293,-0.9783940188389252,-0.9708226729562766,-1.8987940426002803,-1.0578873884916293,-1.2648026899264413,0.6960353614517673,0.8933899211810838,-1.5117672590448277,-0.21655465352692846,-1.4684855913787733,-0.8513828010664879,0,1,normal
0.09953547219182304,-0.3921384587382891,-0.36253840484659183,1.3057303896284467,0.34427069782059766,-0.8928998429807142,-0.9662709873947736,-1.6494275058652028,-0.26951042541532927,1.2286916534355439,0.9678330138667919,-0.39827840015397437,3,2,normal
-1.2440994709737652,-0.6810886547744952,-1.628061640473314,-2.715305948347962,-2.728670128606971,-0.009672544916135537,-0.9487755307207126,-1.7514885339499258,0.6144399142876663,0.5910951487947105,1.2459948146590114,-0.10512896673441921,0,2,normal
-0.8519086723417546,0.5877552778084372,-1.2694641952541925,-0.533653553637533,1.0179965108367488,-1.303791351782154,-0.06549203101715308,-0.5431412789150848,-1.4379467599542375,1.6020177379401708,-1.3982637420514705,-0.876421558845378,1,1,normal
-0.27020230557802305,0.9365343018608531,0.26058064855196644,-0.9253002586527689,-1.0070296155320884,0.5945653921153504,-0.22071098150189955,-0.30986753222823815,-0.10262304265516205,0.1709615716713383,-0.3804736071348428,1.1568962010514947,2,0,normal
1.9640910021667037,-0.989346860218456,-0.4869622387129908,0.69861143017978,0.29894394393182994,-0.5760868722014755,-0.9975948382029244,-0.754970077586289,0.6040704565177042,0.8074557924280898,-1.028999304885759,0.1966078837470936,0,1,normal
-1.2339168599825368,1.144942402163645,-0.4479771099350026,-0.6387060174303173,-1.0937214423596875,0.4914293370343828,0.8982132062239349,-1.468128056735817,1.0654435587755964,-0.8892351502785943,-0.479761115734451,-0.8414716371886255,3,0,normal
0.92623797650263,1.8744770809212892,-0.779967176397805,0.9620956886967423,-0.3188346226456157,1.6915714443009704,0.22267891421471864,-0.5875561189153802,1.5667267933126627,0.1644462605815168,0.37863634032692894,0.9306835315335822,1,2,attack
-0.4267078160282669,0.3564856299980025,0.4335742125948105,0.3773921173682091,-1.795295431438147,-0.05037335344735099,0.8485110448799758,0.8175761490951223,-0.4715407157841694,0.0805917566693693,-0.6140237417767277,-0.6227665786706826,0,3,normal
-1.276379448433707,0.11013985251689719,0.7330888470978995,0.16252283229859718,0.7436760990054839,0.16008179446162246,0.32499104913692906,0.07984778193401827,0.2032560207544237,-1.110107300956761,-0.2585534131025456,-1.0668883575967736,2,3,normal
-1.1854458174984834,1.9151198331703607,-0.832378100149216,-1.0872084443677477,-3.8378621427178974,-0.15577971894133347,-0.03391504586973155,-2.16499647196645,-0.26514405237418454,0.4815465657490287,-1.1634059418965896,0.8855199088330075,3,1,normal
-0.1596838763718098,0.43944707179364134,-0.8829403141351304,0.05367974309677302,0.5044937103047039,0.7464093237575916,-0.6415683152281815,-0.568191418686303,1.1390992987626545,-0.6254752908380754,-0.6001600853639135,-0.08712853977490097,3,0,normal
-1.0774369539107034,1.0531328572534573,-1.5784332885607668,-0.775943834125545,0.4634022306947259,-0.08886804873276975,-1.1045212132568927,0.6288725501619132,0.3916655987710902,0.09035134087003292,-0.9287532912107559,0.3020678319379524,1,1,normal
-2.032726046542987,0.8273800835497551,0.6245666476042174,-1.8506539357389447,-1.5438616705022374,-1.0046021896125765,-0.14381517547047853,1.5304397442265953,-0.33100399656876894,1.202471156646649,0.42958839942875765,-0.13750012352401708,3,1,normal
-1.0593066823250874,0.9203202447097841,0.4812762424064703,-1.443095418955904,-0.7437590700685842,1.183234870428636,-0.8513775083060334,0.9144698972848722,0.31820196829656794,0.3716463419927041,-0.36646373989965086,0.024866342992721818,1,1,normal
1.2477177956587315,0.6685280472694621,-2.904882750495168,-0.9039464432629133,1.0909180153639892,-1.3717210388721872,-0.5122797285455672,-0.8503961610485243,1.2102082020107026,-1.0719830018770093,0.5596748277944831,0.5183649503570658,2,0,normal
1.7352017553388093,0.5487647113773153,0.14452324283007895,0.3361116038450735,-0.04550606833190131,-0.11507673680615461,0.8928334637319846,-1.98567424589425,-1.169363615246335,0.3946436275371305,1.5437597708772823,0.0736797961519401,0,2,attack
-0.39872818318021824,-0.3303902412512337,-1.431739576556513,0.28615134190104363,1.060896758871031,0.7299782938989186,0.5063393481259766,1.19582017782658,-0.17749384339125493,0.5678945360335871,0.11667688921068321,-0.9695715314769986,3,0,normal
-0.283989620838781,-0.060898559834030044,1.502641984481446,0.2862003176914228,0.15703294631266998,1.4065320729756958,-1.5091741905137719,-1.5812201272061197,-0.027328740607911108,0.49038488996209734,0.293813329069267,0.5245258560870399,3,2,normal
0.36034271613415203,-2.376024117911691,-0.10111006966401992,-1.0287423576902928,0.8440162637811278,0.779544929809622,-1.0697479391305185,-0.4158178967034072,-1.0691834162616787,1.7173880727085145,0.4204306405991107,1.5099789415643308,0,2,normal
1.0798857458907805,-0.0571537520941724,0.25502255480299724,-1.2046182707525008,-0.03218842632725689,-0.2469538670939583,-0.8725315035529922,-1.6676070723333571,0.46632550684215873,-0.9506932615827902,-3.364100212613514,-0.40417464469838027,1,3,normal
1.0487530782482284,1.0301382625778228,0.3322822188592636,-0.6327013074368762,-0.04820506845039358,0.38322247297604245,-0.9530604827127297,-0.9603982069325808,-0.797176798367555,-0.25698853573576547,-0.26471033723610216,-0.8886984412524996,0,0,normal
0.2761478293825976,0.08251594973391754,0.7628432556253614,-1.4582697326584302,1.3209180913167298,-2.3300490315595894,0.02864254817178489,0.48707681238872624,0.9232083993303386,0.5712436460433257,1.9822028392343625,-0.3111425833974624,1,1,normal
-1.6054003609684695,-2.5524199684966167,-0.48749059162438174,-0.34841549642596925,-1.5216793457016171,0.7769887172665604,0.9519824130470266,0.08810049434001577,0.06811130577595652,-1.3645330292297728,0.41598654986865063,1.0970227625832554,0,3,normal
-0.45091023894781695,-0.35390073936264743,-1.1259290873080308,0.516818730435028,-0.9700445367021117,0.2665442610592879,-1.1618602019049358,-0.48432138405012554,0.3305255179055351,-0.34011129662437634,-0.007248543072381461,-0.4988711021207504,3,1,normal
-1.4421094719478524,0.8059874670166434,-1.9565420006497778,-0.453652364794037,0.5816223377636651,-0.3857682059291217,0.2613363421667528,-1.1922573779157437,0.46614998062589164,1.223216062371079,0.1458225795887629,-1.383842734049867,3,1,normal
-0.8160690559540376,1.5564867543384728,0.6588122764507275,-0.4318924807742545,-0.5536604189439411,0.14242897759696418,-0.014172117325871906,0.7617127728094806,0.3183889230757189,0.5095440511856925,1.6077592453160574,-0.41543654920747264,3,1,normal
-1.4161794802860033,-0.5713368342770767,1.1068774073091001,0.01347677500134247,-0.3705048892367623,-0.32676938325635074,-2.002424015833859,-0.06756007106872931,-1.1716315912793842,1.5822158676314204,-0.9956940240232266,-1.0404493523909932,2,3,normal
-0.6268295396988379,0.6490640228168512,-1.179288006502514,0.07099437912099534,-1.0555039924399272,2.380942268025382,0.8443907268060435,-0.16138500725870056,-0.33693553851456653,0.32084223402846596,-1.507841643928411,0.17121662228270085,1,0,normal
1.5193196538777018,-1.5289211554823625,-1.3449928907423667,-1.3503260073407009,0.2128268229872821,-0.6176049198092866,0.11757127998409278,1.2861283280523734,0.366805605778238,-0.3926312059372031,1.1327865588813792,-1.3770725014696497,2,3,normal
-0.5648089774318894,0.812373949366799,-0.06099995585607115,2.0022265291554935,-1.597898816011835,-1.0707513160189182,-0.02124173760906363,0.04839717503971305,0.9470855061943576,0.41226325998048147,0.727759988744783,0.6327689993424696,3,1,normal
-1.1339963833711648,-0.30395153718780715,-0.5150725941884362,2.0907865529012275,0.1111080659399829,1.0505697602464596,-0.19336733215742513,0.24698203284493614,0.5637189472351777,-0.7518061944870027,-0.6383917106493547,0.4223611981514535,3,3,normal
0.46187339826678536,1.103967829622995,-0.5331971149237787,0.8376347171537796,1.0248631549560159,-0.38697193078020853,-0.7691466773734573,-0.7222665043245361,0.3792982931434725,-2.068204647999452,1.4103535499290107,-2.1368918543627737,2,3,normal
-0.8775853573430654,-0.47639933056960143,-0.0676412346046357,-0.7628649844356464,-1.465746937302105,-0.4469974730135671,1.6244302917328797,-0.20847850747808358,0.9582544124397233,-1.034012509994506,0.4832207357226521,1.625132072250394,1,0,normal
0.1976755725822088,-1.0654997470549845,1.1193380413262035,1.2777308227118405,1.0806404217493617,-0.3356589350745857,-0.14449946712091677,-0.38580042748605947,-0.5279199951224697,-2.409395464140802,0.5949221221383724,-0.12549782587389646,3,2,normal
-1.6686877020387427,0.6155711690646274,-1.6907888155599566,0.42643740517067674,0.6826796947452864,1.3942131206573811,-1.571089093400334,-0.21264061527175096,0.3994264279191189,-0.9414997951038494,0.7428498140720281,-0.589545079769223,1,2,normal
1.0988430630030879,0.11529471691283559,0.9793136167403429,0.5229694282707852,-0.6571637178061129,0.23564344636744997,0.47031952875739236,0.3629355159220716,0.9832810043852942,0.48461020362090323,0.9885065587747713,-0.7011299683554679,1,0,attack
1.3433952354550565,0.49809474095962764,-0.4071604207379634,0.08497577382319274,-0.9567786582502146,-0.6977950604077462,0.8741118192366799,1.0097413664721384,-0.2554533357203893,-1.9889721701771486,-1.0096005640920143,0.6945917905247398,1,2,normal
0.4008725132279924,0.4336622613770416,-1.1577499931823023,-0.3449656628784175,0.2996085902410402,0.48541751936390043,-0.4458636434541148,-0.2250367585809997,0.3320733250902211,-0.7612935021275267,-0.9997922240815533,0.647224196447658,3,0,normal
0.0748198374098344,-1.2819135247908051,1.181332052716996,1.5410186219354072,0.5504217081173682,-0.24056422484881235,0.1378887261107848,0.44732001493011,-0.49129193980653674,0.3717510313513984,-0.8475817804785354,-0.10648843930410255,2,3,normal
-1.3630998457831478,-0.5761555657087817,-0.3852342388234371,-2.1051474162201584,0.024133097279911066,0.2887157196510496,0.6707558503088299,0.5275883160318149,0.0007165209318521262,-1.223249968233458,1.1855730457444293,-0.2991835846693172,3,3,normal
-1.849915742782213,-0.970411936713171,-0.23955233392620756,0.3028276291732013,0.07377897634808266,1.353675861850414,-1.5588826588970168,-0.2740622279417389,-1.4318151088361526,-1.169916791987745,0.961617159423008,-0.015158971356161743,0,0,normal
1.779029846125278,1.2121339058967957,0.8664958198242725,0.6928954264347013,-0.7972198792585833,-0.5975268679740511,-0.29430422257682937,-0.6819228973624064,-0.13923138908044366,1.7820637852523626,0.36085092807878966,-0.3214750612739442,0,1,normal
-0.49237641106451707,0.14168271843295532,1.339595473122234,0.12706514823772555,-0.36512781767515023,1.4420085356785015,-0.33064934810146196,-0.923543196897152,-0.6013237947108427,-0.5064933529366499,-0.8789412311688449,0.17604743187117158,2,2,normal
1.6486748682091714,-0.16606870665901766,-1.7040629721486995,0.41357503214827795,0.6374436499466806,-0.7503225827624188,-0.8795871407308886,0.7698809121182337,2.109924254009616,-0.4709373546555795,2.0126311580421494,1.6104312992784653,2,3,attack
0.42332124670283117,-0.3611155483836192,-1.8557257637230509,0.2620832025787644,-0.9880749900697099,1.2224687618052825,-0.364090888036878,1.058439436943389,-0.632372206126359,0.6398409758435898,-0.41201770686784916,0.8563784380765328,1,2,normal
-1.2506151420615261,-0.6233995954675908,-0.7983543658677975,-0.10002523124010496,2.261015422667171,0.2829242003573372,-0.3433971373003817,-0.842515398947254,2.3616374514779714,2.1401860523164986,0.014853995476889204,-1.154679018915172,3,3,attack
-1.94705489290246,1.001614374936941,1.4067541204903615,-0.9026697498612267,-0.01618715625368272,0.4010060898371577,0.658604854174265,-1.0527487404836036,-0.5455608995917169,-0.6742410472027798,-1.4136583759314767,0.38747283504256075,1,3,normal
-0.606524003594318,1.4774450311939256,0.4143936467194969,-0.41894349999323527,-0.16161891808964204,-0.454885401368157,2.622625844345574,-0.2335005886078185,-0.8930398577635636,-0.3505550914283297,-0.5456127026605417,-0.8484665135125753,3,3,normal
0.630890382843033,0.3004643210046096,0.20337204019069458,0.9564221854120403,1.045139339112531,-0.4087790866703887,1.1645017868002618,0.4114642050564466,-0.09899559863360795,0.43571762921680746,0.046059889982341354,-1.1943133825221688,0,3,attack
-0.19099912362119412,-1.7104787008854796,0.5339018570860763,-1.1233110269229327,0.1136652237468795,0.16246214823677813,-0.9669765564471936,1.0413018935437972,-0.5474880273506733,0.21651604665178903,-0.7968351070970108,0.8827784889985753,2,1,normal
1.5661227808885674,0.4870528789990724,0.5801090868154352,-0.6921953878469373,0.33473568398464076,-0.33039171160173647,1.4926634407336081,-0.6185428789130328,0.5953243722706989,0.2412225942984773,1.4747571639612045,0.6888976792633709,2,0,attack
-1.9234679974351565,1.360380028737078,-0.9440514851126606,0.8266091632243385,-1.680275751447977,0.034444940437624375,0.5801971072179563,-2.5102021051308037,-1.5253962500411817,2.315747164891297,-0.26782094176774857,1.8603702169955747,2,1,normal
0.2006748030498258,-0.6066191937029217,-0.4415049938760802,-0.34344457733089434,-0.1333425706729499,0.5817355436247235,0.004596080128450145,1.3091467492091002,0.0033939710532615635,-0.8375136153468812,0.4788777074625867,-0.32896120421928476,0,1,normal
1.0627219849030238,0.23819211858677083,-0.5590766391355241,0.422268468537868,-0.6945043977210933,-0.02463010407377427,-1.1428610498265557,2.2032893724886304,-0.2935908461160897,-1.076218125502015,-2.264639706621498,1.4248867585166378,0,2,normal
1.6011231373901547,0.3012522571055047,-0.7712798630694779,0.18548425524225717,-0.5816755762992899,-0.8893181458489606,0.487675966366207,0.6783698022324423,-0.8342409106153172,0.9901417774460128,-0.502560267685117,-3.0896400683817324,2,1,normal
-1.3545531629399497,0.6693942984291009,0.17303575564740653,0.9043208668166471,0.5281633416275887,1.3864692679882213,-1.0182716640160745,0.8626199340502899,2.0204691126786822,-0.40303258691049143,-1.2664269599952762,-0.0936596376782687,1,0,normal
0.4693205493433489,0.6874578682720623,0.564907870581954,3.088030139444995,-0.8515712780501435,-0.743635044266167,0.7230711153899548,-0.541376452814388,-0.4505346101597772,0.11207527546583038,1.6209876306950208,-0.6110227339679244,2,2,attack
-1.395705668205393,0.380166856374238,0.4739083023529781,1.5587849034512335,-0.00885699450964368,-0.09723430354807715,-0.2995583538511236,-0.06398291159500075,-0.8937093553198981,-0.035656226142908705,-1.248721889474559,0.6144167005879886,1,2,normal
-0.08081058786189117,0.30128902916676614,-0.6646134741627794,-0.02088538029520941,-0.5753413275223923,1.8124241971595536,0.5605192007504217,-0.24373540141456526,0.5341984291427431,0.6690805377124543,0.14160372240782643,-1.2431641667931137,2,1,normal
1.843107813025554,-0.05299631463913811,-0.3968401130975777,-0.44080127001236236,0.79278438907293,-0.3340738853024686,0.5469575755113365,0.26421785737414066,0.5077934053974047,1.0269543109159431,-0.5659708796100225,-1.6784726802038397,0,0,normal
-0.46772500767279696,0.18029231076501162,0.46181251446741506,0.44541188598432857,-1.0099800599302435,-0.4361631350986637,-0.31287401310352925,-1.6097083260888836,-1.719183194363478,1.3166594372590215,-1.240159704301615,-0.1312755477120076,2,1,normal
-0.7137295301936422,-0.11788172531502329,-0.18680049061766554,-0.7574912562527889,-1.3769989641690383,-0.2746819998478833,2.63915147290821,0.6125359783155999,-0.630507455864536,0.7508272511973023,1.2673587137119755,-0.8951232368436111,1,0,normal
-0.06939718512009363,0.5406974146645052,-0.2573946512348978,-0.44265563939026115,0.656187995975281,-0.15923972413997228,-0.3269447548153117,-0.36527059297272696,0.3522570293113592,0.8633606145005771,-0.47723119228673677,1.2484069682056833,2,2,normal
-2.668738521680697,0.057571562811177895,0.6670251717280027,1.8484339252881528,1.4326304467804394,-1.7929455342228982,-0.14924224387106785,0.08536706465436773,-1.349174881612788,-1.3263012695348868,-0.8425586754771346,-0.648861763010115,2,0,normal
0.4032035901847685,0.12787126968004536,-1.6385426377093615,-0.856873204423086,-1.7589269884722583,1.2969548949307417,-0.5203014354190592,-0.35987361941368656,0.010992936375337879,-0.544297825718085,1.2653864747610133,0.410212698546797,2,1,normal
0.780277106485665,-0.2733128420673391,0.5582506333788512,-0.7206416860017082,0.6567623516945786,0.14414444791774175,0.9293421090337073,-0.6235826933529975,0.12164523529681656,-2.4468627154240603,-1.47014665376503,0.024820367503961636,0,1,normal
-0.9962294052095959,-0.1566728075022908,1.8509645397036425,-0.8349290060538066,0.9226765432774321,-0.804499997263176,-0.0713996729610389,0.419378101681729,-0.32793404106459206,-0.5756154143144545,0.9051984455972126,1.2893910671415914,1,1,normal
-1.3204671452382515,-0.5661442672848275,0.3859235670100336,1.4581616627847858,2.088546181553298,-0.20116426759506545,1.0969700577752957,1.2861993134389318,-0.6018893041982364,-0.018061142080693333,-0.5150323174506578,0.7043741766566528,0,0,normal
-0.208787486890297,0.5548842564327761,-0.7682487482954803,-1.1033836266696195,0.18801078719946548,-0.12596530795342853,1.6037751944408882,0.6054311936027368,1.3931040122934666,0.8399925066710229,0.9178139064077798,-2.159523993576336,3,1,normal
-0.8015062225578409,-0.8083256552899978,-0.10465297177095634,0.21905173349684684,0.7842180586489016,0.17701759317195337,-2.302819337346801,1.6465937009962348,-0.027592189400002513,0.3096643760412714,-0.3517720039037322,0.9552956245633867,3,3,normal
0.6988057518031878,-1.2054068543648406,-0.29827707077425514,0.6835279182119951,0.7042088144173558,1.2823661971554152,-0.2380692005463692,0.3318960610726562,-0.050913601705192595,0.22100443234736544,-0.3896844696274839,1.072929610097723,1,0,normal
-0.9585441108478681,0.22037523758007707,-0.9654048616135275,0.6233418221721655,0.18708185104691902,2.6098928893599345,-0.49421260979373477,2.1359053380954207,-0.3075425229600448,0.8275294897622207,0.6932780287636198,-1.1117228409216622,3,1,attack
0.19631676214389635,1.095274828560947,-1.1276467921584612,1.3670777191953785,-1.4290943997965881,0.5017895606210558,-0.7936654549163438,-0.7643608298957647,0.7928916473160998,0.9333365087575941,0.6636673328342948,-0.309829077173086,1,2,normal
0.49653262727964237,-0.14579109646111155,0.9581732350129758,-1.8206895291101837,0.22673201924529476,1.2151160409462807,-0.3713216267240235,-0.4669614080782434,-0.9924657470439949,0.07803540192991189,-0.33407892164309994,0.7865977413137165,0,0,normal
-1.1366239554820186,0.30601443626012503,-0.631742398673289,-1.468489707668062,-1.0884544870649566,-1.8265886709213761,-2.3712437331624567,-0.7605487449616577,2.08985557667313,-0.8194873036675355,0.24994403441117105,-0.469631180268102,3,2,normal
-1.255470143127316,0.2941917758344276,-1.6389636369894973,1.0425542815492777,-0.999875398752752,1.6735695801882047,0.8621150491936727,0.24089448883753897,-0.1250266768658784,-0.30130772372680725,-0.2073571615204539,0.31355850021973913,1,1,normal
0.5797008681626692,0.20939835385940067,-0.365391302645331,0.2997566159156777,-0.6434915617766502,1.1121477413912302,-0.6481058767889766,0.8415479538541261,-0.5676604949448366,0.5350152170623509,0.11153409960037229,0.34213367921409765,0,1,normal
1.0687543658605965,-0.2688112808323445,-0.7305021126653062,-0.03645329801306667,1.168689923189076,2.1560609546086553,-0.4367445503579785,-1.9477240612347344,-0.8499595918423761,1.0258223803067568,0.6856509047098868,1.542837728052934,2,1,normal
0.939465347634049,1.9270785463055657,1.152407932538236,0.6961448327683093,2.0805865313786,0.49754271700518493,0.31234805472587807,1.1964392798043921,-1.1988563619340584,-0.5017640686849926,-0.5008926178763267,0.4140329555338093,3,0,attack
0.29413240841536087,-1.484778829607012,1.3180405400606656,0.6566808481180162,-2.4386821588210656,0.5616811883109674,-0.9560454817634706,-1.2238163695409598,-0.9815496411280331,2.0118203682188183,-0.7033334847802155,0.7739706066067443,3,2,normal
0.30478255521366787,2.4716546777372295,0.37129597029816985,-0.5446688211724253,0.9978141408568014,1.6363583220013604,0.2044785153961953,1.055888250536641,-0.8929151615039366,-1.2574910090796096,1.1026881442339387,0.010104707159986638,0,1,normal
0.6006388375900162,-0.5246179826322919,-0.8997002925006949,-0.4166757563453704,-0.4503155010440783,-0.29154929918598677,-0.411175705498462,-0.7186411785179218,0.47265253618564934,-0.9179281441831347,-2.5573473440361467,0.08899099978932559,1,0,normal
1.2865614025134369,0.9377828945514635,0.7550181532323484,-0.4836984911746176,-1.0536689584494006,-1.5404154756353439,-0.042063733172697355,-0.15278246442172358,0.9511794646433154,1.4654079772000117,-1.2785942000074129,-0.3518309269783102,0,1,normal
-0.7545721456979627,0.3708479164613354,0.4508402326727136,-0.17029169945528036,0.7062644654646968,-0.7274600153131531,1.4455588326138897,0.9409631480848385,1.2355803397935075,1.1978657219842022,0.026059952103215246,-2.2537173839067046,0,3,normal
2.2531813356158623,-1.2940624192730572,-0.5400627968250171,1.5570530175263426,0.17089722249151398,0.16476533932489296,1.2141350710843075,-1.9061036343701092,0.8007039781824008,-1.6979715544647245,-0.3692979591426401,1.445747626668144,2,1,normal
0.4111441162952234,0.3508166616581054,-1.2096866943036042,0.22451791378968528,-0.7047617509322892,-0.6606882822897615,1.1613921561391007,-0.09633931333915197,0.42659575318397613,-0.4247591990498246,0.9661143979624447,-1.6320643807795,3,0,normal
-1.2475079843871775,-0.2442927099493008,-1.621233704524466,0.2009654491829185,0.4401942351301975,-0.20909394400877973,0.3070500837651506,0.05763508587579619,2.3787303509756543,0.5925557807501312,-1.592278643068402,0.7358818314016335,0,3,normal
-1.520558832730599,1.3224161600214668,1.604705330458562,-1.5642283333254279,-0.10574637694166403,-0.6360865593255243,-0.49067532853541374,-0.7916676551101127,0.5751526697309618,0.25756561059816435,-0.7623081590877416,-2.4450612760339836,3,3,normal
-0.15337592029342315,-0.7632874232472143,2.031006448674445,-0.13440713413105398,0.4663431130754408,-0.7799709147311796,-2.3879163560319068,-0.22300192713160794,-1.8089989970109093,1.1621892250755539,0.41651145971493053,1.7617820114492055,0,1,normal
-0.467498177488098,-0.20448453763031857,1.7629353461552126,0.4890445446545639,0.14470606549473228,0.1962669965571802,-0.5083173493421104,-0.9649790193090485,-0.0797378382491728,-0.587218711945197,-1.1908353456104084,-0.6772622409661065,3,1,normal
-0.6083431104555581,-1.4599505940876125,-0.12364395038717492,0.7604334105280339,-0.9756060073347205,0.2430292543871802,-0.5222059144834926,-0.8267555719438233,0.0575517703214794,-1.6337808847123425,0.3302148951866385,-0.5500207736367274,1,1,normal
-0.5346089479133367,0.007877383775745607,1.6331372835933273,-0.23723643446049208,0.5184377172601905,-0.6152745731456589,-1.118774839540101,-0.2817768565149441,0.7129349629439486,0.3561786721952763,-0.2534699857737058,1.3740362380439657,1,0,attack
-0.002841662859976358,1.5606869508831038,-0.7754376740492969,-0.056985913839170906,-0.33615961064626715,-0.030730161096686828,0.3672504936352925,0.3365993372817259,-0.7989667108423154,-1.410887885062024,-0.6880940614185295,-0.5809703292487592,2,2,normal
-0.16177894090753686,0.18555985460952312,-0.3552275387908372,0.8465774458179978,-0.4522461706706408,-1.600843400218436,1.2824782808089374,0.8995110770223687,-0.3504098849083842,0.8990935803176537,-2.821758596002789,-0.47190043019174005,3,2,normal
-1.8331288231002782,0.020537324871577584,-0.273415426492253,-0.13918713604234675,-0.11966302455991022,-0.5688063112876031,-0.2758258493010931,-1.005508674451861,0.05053037718720254,-0.020362198749342197,-1.2234757938488114,1.7293093854283754,3,0,normal
-1.3339257646289184,-0.6034315853373828,-1.3618716589153432,-2.32033404697386,-0.3247252130270724,1.1288467639256683,1.1101779646318701,-0.4119021399606879,1.2029460679860635,0.30419738560596166,-0.3340712738820477,-1.5031346563046493,3,0,normal
1.2349060211059184,1.5838954139831747,0.5924628452688314,-0.5252696314767408,0.5449806031367261,0.2622724941945109,-0.34444798043993724,-0.17084010742448702,-0.5468207840942358,0.8280945489673419,-0.8949623528827909,-2.02848695242296,3,0,normal
0.47687438730892767,0.10284982753868938,0.8594310888209125,-0.4851806302119287,0.2383322531428287,1.1472165104281646,-0.5045746108557216,-1.0828396595465863,-0.6810553294826955,1.1465526080574606,-0.8443310817470228,-0.016328554396642957,0,2,normal
-0.08927023421051246,0.5821470353463852,0.05883768398242932,0.6589259090196123,-0.9138245867529569,1.708052165574924,3.9335548775304714,0.23599044948920822,-0.19184227251055944,-1.467755806472762,1.0934366701133522,-0.9682434287509981,0,0,attack
0.9689495566755887,1.6150275960568625,1.1236289320466961,1.6520863962065766,-1.2457613802758623,-1.678621488232417,1.436611218555165,0.15642704799133406,0.36274422253681604,-0.8243037214977683,-0.8743391365446918,-1.0216463979120414,1,1,normal
-1.730394264388758,0.7630920160411524,0.9900533182445125,0.47732863150947885,0.8566282322340895,-0.4046885396054865,-1.9543969735199986,-0.8660372347321038,1.1738830043738981,0.9779741965296065,-0.5204197375930525,0.008776241608084273,0,0,normal
0.9790004817720225,0.046020702610187286,-0.8721100332943951,-0.680278592101131,0.3016764479801322,-0.6153262630779593,0.6192391240910924,-0.3006343179728683,0.3725999381117924,-0.569161885231544,0.16941514487327827,0.4607022804857615,2,1,normal
0.6099858744895809,0.7743036805459016,2.2253388273643915,0.5072500051451905,-0.1707382635802655,0.26877553711853786,-1.723300849690364,-0.37292566827289125,-0.6962281607937244,1.0231091349346586,0.20060312395040883,1.4011700669122666,0,2,attack
0.3530277162332187,-0.6059055091253741,0.21578539960390558,-0.769734081925839,0.3913077717918884,0.544658558945315,-0.1921967143179395,-0.5580556469254734,-1.0173605938275725,0.5508960808825936,-1.083588087646491,1.1683397904997086,2,2,normal
1.1490141133567133,0.12282170254366809,0.5859280538022708,1.30466707461313,0.5487924868862277,-0.05272169206015562,-0.47297026849343504,0.07647711582857021,0.2440761643501634,0.06953029929003274,0.5737555122103447,-1.827022674991257,3,2,normal
-1.164139236013181,-1.1469571070291444,0.11545515723987396,-0.7038245694961389,-0.5427195209119788,1.3674556692207243,2.0604808946276076,0.09273934747083643,-0.7303646570604378,-0.8961137235934648,0.11727265229707703,-1.759780779762454,3,3,normal
0.3498508670652802,-1.0425052400679602,1.586053034274085,-0.6272790476032274,-0.2078583571662588,-1.0113837702098543,0.9100928974052777,-1.4017957987533576,0.03657957294757739,-0.38074064169200633,-0.053150931465126,-0.09072388584717968,1,2,normal
-0.069186265065666,0.3946426122709279,0.11107655967358337,0.04956664923287384,-0.6350858407368835,-1.0434102755384163,-0.936360552050133,-0.8248674984171983,-1.8879289791023346,-0.27592968151973074,-0.48862570127029964,-0.3314196465546992,0,2,normal
0.37623729662341454,0.7162734207381504,-0.6394892203459173,-0.5851847983368278,-0.6528513584838352,1.1308723183493141,-0.277001405269286,-1.235660511376066,-0.6955582341559561,1.0887874640214723,0.4796877262471036,0.049574930570432475,2,2,normal
0.2250302720224134,-1.323428080438317,-0.6849867602980934,1.5710185525245068,-0.8198010356164496,-0.07713910101763206,0.7788417817777444,-0.8826688534243308,0.40465036670294424,-2.2194041516234115,-0.48147524048217705,-1.0306149450642892,1,0,normal
-1.1180414221920771,-0.9153861719351237,-0.5464079105245326,-2.5777074587153086,0.7079541431338704,-0.9927621419007662,1.52958398606614,0.23378287933671857,0.2028477284718647,1.1602018360921218,-0.36139344597960976,0.849491727861206,0,3,normal
-1.3378606551847598,0.7153204028831802,-0.9775385300036786,0.3768603560626233,0.8504865401798806,0.468447946988454,-0.6876450695511096,0.79844578013992,-0.9623849545866164,0.3613872324514221,-0.06802618328157548,0.8168147453942588,0,3,normal
1.047043699268143,-0.06829355318797396,-0.891732187984937,-0.8535488000468182,-0.5055984427251017,-0.435210539069602,-0.320726395191608,-0.21895756829029892,-0.7776252726690248,-1.0218716922171625,-2.1148167478089293,-0.5984733725838034,1,1,normal
1.3298212020310112,-1.339943104887145,-0.2637292513133843,-0.798834726513874,-1.5688847116798792,-0.06019418432125455,-0.268806406559513,0.3955643022865156,1.597186929355841,-1.3508319179969752,3.3420347069135032,0.61584409601784,1,2,attack
0.3719195886932608,0.7437616150758403,0.19524192624956405,1.1894366776027885,-0.9430616376842272,-1.5307586230372958,-1.1729758124062089,-0.09033053804837693,0.10567093535270769,-0.5272774329981295,1.3136936380948743,0.7593770195690438,0,2,normal
0.6422450036827287,0.6474860355081631,0.34390865076288896,1.8412774507085448,-1.095803601393676,1.4197259995850566,1.061243721430338,-1.8288337415180715,-0.3036605466522087,0.031219573253591,1.2864259684283086,0.06483390133758778,2,0,normal
0.06780228455747689,-0.42931015695122476,-0.16016273657535404,1.276616959994009,-0.33967164974289027,-0.9212810321581444,-0.3153429930383831,-0.2286126725437073,-1.6274018169729372,-0.722251594850673,0.028695151062276953,0.3356064426209776,0,1,normal
-0.1267909735148221,0.8585834681898272,-0.9670249743822092,0.22370332518420719,0.11949886342105831,-2.4082375967803227,0.8201241157482976,0.27745250126685356,0.171428197555093,0.6447000387382752,-1.2942830341458902,-1.639017857597415,3,1,normal
-1.547909228044677,-0.8704936537410458,1.1413373180827642,0.6934259703744918,-0.0650003757431796,-0.6113227628984906,0.6721211135839875,-1.6821821734136613,1.071569353590945,-0.5769164611115485,0.438317233696261,-0.15222641140618098,2,0,normal
-1.1854027883359108,0.5655760807760929,2.1299745658699907,0.11788122092305925,-0.18324365538900678,-0.8350064478965644,-0.15097526923185597,0.9461729191353063,-1.7421255295101323,0.36253850029318896,-1.2722355603128237,0.5658865821766695,0,0,normal
1.1320204689167483,-0.3503810884000931,-1.442596077134444,-0.4254316155889232,0.8348188531866377,-0.5435098861772188,-0.5052269571499192,-0.5425056186320102,0.9820181834190832,0.1575465831273404,0.1578187600766619,-1.3903390718308024,1,2,normal
1.5277116991555253,0.9983342830251849,-1.2667754804020366,-1.859425105199067,-0.03830174055984946,-0.31453564634324904,0.664427574224462,-0.12622044170152058,1.4960541306231758,1.178585361657134,-0.03150615871576815,-0.1295064764521056,0,0,normal
1.3276972991829898,0.12422101808380594,0.03625730583098158,0.4746189209092696,0.5150014596404768,1.4286689083327913,-1.6872151765210612,-0.6831638957303654,-0.8509463884977195,1.90683404961918,0.6020818067484801,0.03818299369856067,1,0,attack
1.0141314132844288,-2.317926040192196,-0.2869408731133242,-0.4039521669386827,-1.8639511106470161,-0.16148898603872583,-1.0033570124401296,-0.8036433493820244,0.7725692891162546,1.0392374880587074,0.1361417123955627,0.443883628767792,0,0,normal
-0.7564467519134523,0.8049273180756118,0.48598729472151236,-0.7186915699652763,-1.3122357955997903,0.7794552081859997,-0.49798819433764363,-0.15915471403834214,0.9199512547884422,-0.09718389203922227,1.7804767888136093,-0.160345606906386,2,2,normal
-2.74414206612195,0.9702467921980575,-0.2686450840765118,-1.6726638330404502,0.0259300985881926,-0.27380946818139845,-0.3480989070608349,1.9082780083377533,-1.5554024805966253,-0.5541980168357179,-1.1286435571249804,-1.3076738745136214,0,2,normal
0.19328177341222136,0.6419078331062424,0.7916720647919909,0.0616716447823159,-1.7681336147063749,0.04084713690417095,0.13548585944998648,-1.3704076401837166,-0.051139903075536924,1.487840671700908,1.0770784616405538,-0.214780556037661,0,3,normal
-0.33159207365156074,-0.09129151721930938,-0.39538844296425457,0.8003192712686229,-1.4149088101888663,-0.16426854460613938,0.11600473450239156,-0.9717477289856932,1.0674079426556604,0.4048461417935543,1.0892272255266666,0.43553684584041996,0,3,normal
-0.8194510700858071,-0.768874129517526,1.1143313857700634,-0.5769144188026947,1.2045390799749447,0.5970658278647316,-0.2891836529587566,0.07461627961993995,0.8289108990677851,0.03086165689829777,-0.49035220806362306,1.1410135787434754,1,2,normal
0.326126292312961,0.822212401365144,-0.19562816512144754,0.2903586838970524,-0.6290809689600949,-0.8475325478832731,-0.6106426563975818,-1.2388955971785287,0.40511220042946944,0.15598142105551313,1.3027394063774889,0.7104714357931738,3,0,normal
-1.1257071150716462,0.1799796326252272,0.547786473636951,-2.585255246928849,-0.36550605758260646,-0.12481421650383938,-0.34522803859657514,1.4862370475991464,-0.3619908418937466,1.006918382994296,-0.9370662945591657,0.1648603055773723,3,2,normal
-0.14479395751411372,1.2770945434753003,-0.5041681570104478,-1.3277350378103074,1.844741605361005,-1.6750521117233612,0.30839538102797487,-0.6164049241379603,-0.017605520959682153,0.5330864355009822,-2.183073811577141,0.7922811333405207,1,0,normal
-0.14017093260408442,0.954874773743039,-0.21907263352338502,1.4529894649350115,0.3525712720983965,-0.7077090380575971,0.47381696090450903,0.47224443666431615,-0.14880763385125428,-1.0214028742869075,-1.0540678585388827,-0.8110958068253054,0,1,normal
-0.7018235777044243,-0.652475110899735,-1.0149786871581563,-0.5633860550301724,-0.8330480704071274,1.3858159400870274,-0.9628905005669381,-0.12950315657893155,-1.249311805367675,1.2929222739968231,-0.15051099114047378,0.9803549150320086,3,0,normal
-1.17332015710692,-0.3165490713097301,-1.2451592976310077,1.426829139332607,2.20399870312088,-0.1904511339332301,0.6386972876941113,-0.07118598773017781,1.5374922358655254,-0.3475667026632292,0.3371416969993716,-0.8700723237886588,1,0,normal
-0.2754224280481085,-0.15339852362126485,0.9209775948422336,0.35070808531630543,-0.5160194546940079,0.506513960333135,0.33418108748092734,-0.8014973465846046,-0.3793468326922599,0.6599728755689854,-0.39779184548526486,-0.6249846162860048,0,3,normal
1.2904522216305798,-0.02557951344812531,-0.06362944259810832,1.7177668909306605,-0.6005266707161275,0.26419372682559583,-1.2740441592100737,0.7405489913511516,-1.1611842988248773,-1.5116479862325576,0.08969057313890691,0.13816176284608292,0,3,normal
1.8264812873355785,0.28109458171161883,-0.38208652317989156,-0.3372411472163479,-0.4664835031118168,0.5398448249960481,-0.5628379160058515,-0.6044423553641816,-0.36298262847571094,0.8571688858254274,-0.433393114944876,0.22698382074081747,1,3,normal
-1.9501986080580633,0.1904428335488695,0.7001673921392769,-1.0726814312920174,-1.6186129153545126,1.360522449333077,0.6298978883097349,-1.5089748318637242,-0.23227654100847708,0.1330680510898584,1.1036350743105539,1.0925529566684486,1,2,normal
0.8559590761405937,1.4452191331211404,-0.2657758599594832,0.10992879635044263,-0.4811487844948199,0.7587563679643555,2.3120030950778876,0.2788644900013949,-0.499696210817052,-1.6257354625943343,1.1898762269148275,1.041396039632991,0,1,attack
1.443204880762314,-1.6313331422576363,0.49495009591152456,-1.5873763068235978,-2.198622168944493,-0.48724944830778366,-0.5645631181877578,-0.6093678323748369,-0.23758859791323644,-0.008899387193864535,1.4623795581893733,-0.8864758145782169,1,2,normal
-1.2069648111677163,-1.2874888058220642,-0.20937430127927978,-1.9170264641633719,0.6701693601749121,-1.1326184443665648,-0.8057859759112109,-1.080676665160841,-0.0536980143338831,-1.0729576690385914,-0.34227553777459246,0.5823258091073483,2,3,normal
1.0754879187218793,1.1879019768985917,-0.6367980630484055,0.2849370243993949,-1.2799663824243661,0.3308530794476049,-0.06468688280228785,-0.36422763655249674,0.9073550259772071,1.1604153813523506,-1.4875727342734724,0.28741138453892784,2,2,attack
-0.44628152021492395,0.4192030318241373,-0.4476344115519676,0.1575297487330605,1.6018474973350858,0.7968382513366493,-1.393219376413735,1.6315083250595315,-1.9156683062655997,-1.047170271254575,-0.6825993967225055,-0.04241715663320237,3,0,normal
0.478693193052465,0.216760445773111,0.0519779384268835,-0.06830570093320934,-0.4267725146168801,0.42542708043154576,-0.8155132948187958,1.6743044547573034,-1.3186459358816007,-0.6154758059680183,1.6826933215290742,0.3198645109746895,0,0,normal
-0.9950550352791796,0.7512499285904014,0.7846340191828095,0.07469407407876405,-0.001822918181031947,1.50014250102454,-0.9682637097743866,0.332367617696198,0.0457830442477193,-1.8711060883536008,-0.045433322054384405,-0.9571834136242714,2,3,normal
0.4715758957010788,0.7204714036605455,1.6908446008817397,-0.8158651329310886,1.3342633138493372,-1.8558411879896375,-1.252796780337934,1.6146352238482966,-0.4211952540402592,0.33607221886671346,-0.6090175263866506,-1.799359803306307,1,2,normal
0.9302060936888419,-0.5955344319791842,0.9921137839732989,-0.10381443236739223,0.8368902715567709,2.4685653421623046,0.27583361522340555,0.38482894500794895,-1.3891363111687294,0.6586770137787077,-1.422680213468487,-0.8466521198309064,1,0,normal
-0.639175695917697,0.05412270143184113,-1.290662695299179,0.6226773129727318,-1.4099572070000588,1.630524146544763,0.17723687024112245,-0.13775170202708606,0.04790871589208982,-0.2734903400659207,0.13686683402926267,-1.2900446901019607,3,2,normal
0.26335613266715985,1.1589352043881842,-2.6621345188791774,-1.8844542413497198,1.7857367460703917,0.5028914705341667,-1.035338997465627,-0.908693516307013,-0.8311642151232723,-1.0310456682042624,0.7305724193110205,-0.5472407668248488,3,0,normal
-1.1376023100515182,-1.5564732889891943,-0.15546383001698982,0.33080568906923224,1.7383794551689553,-1.9755491578771731,0.12810378124228283,-1.5831975029593524,1.2596000255931006,-1.9456392724014417,0.18992439367998093,0.7709151506271381,3,0,normal
-0.3875437006514143,-0.8248344851350687,0.32893089883829024,1.219102655315406,0.7572108351913838,0.4368276316670721,2.0382838765301523,0.23490549762864357,0.2753662805854286,-0.8531496148731612,-0.1735101898813502,0.7200857986011542,1,2,normal
-0.7901185455989664,-0.2664817568474437,0.3936992679565792,-0.4724855627938231,-1.9504973153806404,0.15144346458821556,0.8636349833036591,-0.26588050628757565,0.3998962309513026,-1.5362204490631524,0.8969146054375775,-0.49997117366365346,3,0,normal
-0.018098844886398645,-0.918275996617992,1.6164795114907107,0.22887056925831245,2.1972654401868748,-0.49061178534231614,0.43348192836736277,0.42772760792291264,-1.7277261390248602,-0.5142638452032391,-0.4271793958221408,1.6288656125521352,2,0,normal
0.32004288390046387,-0.8665408529415508,0.3931492284933111,-1.8631153832354352,0.215680214779836,0.09165424595570358,1.3939927761535864,-0.05439760690550517,-1.703285249210024,0.6117995251940604,2.21275985805553,-0.6525674662297015,2,2,normal
0.08968103704026738,-0.7603753920501807,0.11892126268633858,-1.5578099960412122,1.2037416103723086,2.32826431940114,-0.9848537302888449,0.3400587761691777,-0.5398780232097001,0.10519703778631444,1.112282480972907,0.7735138045847468,0,1,normal
1.602217549813623,0.447226289490083,0.2997443345463646,2.8911328954118307,1.2028863309891649,0.4230835280695719,-0.3964694736113927,0.5654211412850626,1.2265018270920494,0.7578089116388901,0.04030721935467016,0.08294942182676208,3,0,attack
0.1166386827788982,-0.820807818626132,-0.9508357271183129,-1.4870146430860138,-0.5189324861936044,1.4355390093887503,0.13913877116947404,-1.1168153609328146,-0.8094459743370626,-1.877947617737847,0.18952711644318904,0.9862693005352711,0,0,normal
-0.9709788671304163,-0.891666583692257,-0.21436222741538768,0.45203703371040566,0.3684395389890363,-0.018080876533248313,0.6195521909883007,-0.24664174562012103,0.24454114853490663,1.4869808087803826,-0.43243957818633294,-0.3577793782601236,1,3,normal
0.9887245271445912,-0.32686085252427816,0.012829373013533213,-1.5247487069862244,-0.6188972790949976,0.01276722048569858,0.32456109935180005,0.7225131322108524,0.8444811402413556,0.46265888702723057,0.1650730247531801,0.6092719827623306,3,1,normal
0.6220822255383289,1.465810850939619,-0.06487059692112475,0.1750158494942616,1.6085519803520987,0.8925394391872757,-1.074155220030339,-0.2217677691207364,-0.026536854815075103,0.13011661943053957,-1.130524351604342,-1.626594375012868,0,1,normal
0.8332240302120207,-0.0031865345115084675,0.22485217450688869,-0.6402431912344307,1.023707592876638,-0.6753382594539676,2.0042063508810464,-0.1227450237491582,1.8787975005463142,0.3265992281061681,0.2520515224061603,1.292803904509148,1,1,attack
-0.0781117577216154,0.3499218787914143,0.8461502233437943,-1.518516371873863,0.2406507058447505,-0.2563761843444421,0.842194797179217,-0.48373522032325716,0.7915621421750685,-0.5455133899085578,-0.8950310860470476,-0.38705454309047654,2,1,normal
1.6131227411324072,-1.2190387554055069,-0.8113545332431948,0.5345918719650045,-1.3298903677844642,0.7595286854947886,-0.5594800063391492,-0.5342698836568415,-1.5662746004512156,-0.4172419705672502,1.0298241856838866,-0.3724167003891193,0,3,normal
0.27851844335625187,0.4777522230263067,0.826688097450067,-0.6826710647383213,0.6456604033001008,1.4039609342547419,0.12564632778605275,-0.8164512926704506,-0.022505387217028876,-1.2590727289938026,0.4943238501702071,-1.3280235734138577,2,2,normal
-0.39950382246797284,0.7898509040848283,-1.1368753984490374,-0.2710007361641942,0.8803614403222241,-1.2321429750469757,-0.43101790939868956,-0.14772153603364943,-1.361062003846406,0.40046277688211074,0.9179106290031431,0.7972845570225947,2,2,normal
-0.7889661971462624,1.100575613054913,0.7072571867575762,-0.1542837247251219,0.5487965903066612,-0.3493170719500469,0.15302551203374093,1.0480462730296556,0.33947845406540766,1.1846734740908649,-0.36796105416566466,-0.09504141916450355,1,3,normal
-0.8637390098820434,0.12604970102871235,0.3860525193505182,-2.371457249424273,-1.3392097158446283,0.20412048366219127,-0.24935112836752152,-1.707146758847492,-0.39917515358480565,1.453676162382367,0.30501801061780065,-1.4015584028382893,1,0,normal
-0.19542441276582456,-1.8636212899029914,-0.22661636632344367,-0.44076939290956724,0.7461365454438197,-0.5323714143366992,-0.9094493882476584,-0.004017046378520063,1.981398595848055,-0.7091779756489436,0.6184375229863883,-0.8467022393479342,1,1,normal
-0.9343090541525816,0.23369378738496518,-0.4088402076189376,0.700060214661218,0.5680678998696834,0.6303977162632981,-0.028071820959516148,0.8599840791234792,-0.008978127143410631,0.5513291530375709,-1.656807046027074,-0.008348010437162143,2,3,normal
0.14611093336992184,0.4766660096203035,-0.020596703683112484,0.6745546746513357,-0.5564623615963796,-0.9470703641174965,0.15108577643088372,-0.2532672442384376,0.05340919270346265,-1.7053467687330686,-1.359868400161077,1.3686915572458578,1,2,normal
0.69676584161907,0.37770709183694356,1.4629590190747725,0.036477402996313656,1.1356526221309233,-0.4184794798074207,2.147519522120403,-2.2794765915405866,-0.03710081336804549,-2.336634120557286,0.22944168286112496,0.8387625190130127,0,2,normal
0.43767811314745586,0.1981096743607743,0.07415055260744412,-0.3478797024814515,-0.5169083372692017,0.2045159413226633,0.204911792915418,1.482731770872707,0.35688239689224494,0.5912897978102539,0.3541669347240171,-0.5481390180755628,2,3,normal
-0.8164244497116518,1.1860534645499867,-1.0936007025143089,0.4097399292377729,0.8182468214482033,-0.6728773189076938,1.8114709751610722,0.535522985290411,-0.04752576316266444,-0.3365053856001237,1.4782219352938375,-1.3493138599672145,2,0,normal
0.47067401280054155,-0.2967637098282009,1.51759230049132,0.19279841479263832,-0.41430847822456696,1.1658552157761364,-0.3740405906296056,1.3151120747650362,0.7585264368161909,0.3321216534369211,0.9704025315824422,-0.3574555618895217,2,3,attack
0.6612070089635312,-0.46817104651196817,0.30400272410126983,-1.2348255112644293,1.2512537488284345,-1.9286933515718905,-1.1564931210897174,0.4005143699506146,0.15027040949450063,0.8548815738410408,-1.4953450463739142,-0.5146077480488955,1,3,normal
0.3165069148779022,-0.27945949489979155,0.010951882162740529,0.4481440116031739,0.03138904432916926,-0.9567355620709761,-1.7072864072108107,-0.5713251941236895,-1.106700171492991,-1.7261220938878885,0.5070043501051797,0.9288145275077664,2,3,normal
-0.1574062105954143,1.3608330794744425,1.3062640319999883,0.4877684130872988,-1.8237229968020132,-0.23139296411568153,1.4311569691374342,-0.4936813434796943,0.8698838601248807,0.6430252663053767,-0.6033527056560093,-0.5272217352826933,2,2,normal
0.26468893972882096,-1.3553311306832907,0.16510484459434038,0.06537549701905535,-0.6348062121127042,-0.5208094639786058,-1.3023032027567385,-1.7490267985868335,-1.0799325922774043,2.276930140030802,-0.021202243317088754,0.02221327599195436,3,2,normal
-0.44791253948735055,0.36254543128399974,1.4000715122778211,-0.5243180056807524,-0.37268580259960615,0.536225172248717,0.2897747256661075,0.6142994831653604,-2.1134470055529624,-0.73483442200053,1.9568708254997444,-0.7089747622489898,0,2,normal
0.5806283971015653,1.262549485745995,0.7478766026759526,0.7073342844030777,-0.6186022914886642,-2.2334205806709573,-0.20140118330922926,0.6540813648298894,0.09273834539664345,0.3201703091377724,-0.551946768693365,-0.6208906366254183,1,3,normal
-0.26503414660994656,0.5202314021671144,2.6404546703873946,0.0832319630097389,-0.3298260578634258,0.1590510797901792,0.6676475006585566,0.4185408878703689,0.0381156856422924,-0.6603171553830179,-0.28382181637320764,0.919049079459233,2,0,normal
0.9980951503898127,-1.036492569602388,0.8805427371425227,-1.0043858737985714,2.1776902639551365,0.498249127716427,0.9716048920682606,-0.012782778261767724,0.17929706385287267,1.522033729970854,-2.042464106025023,-0.3542147325950882,0,1,attack
1.3678576487957677,-0.4227286729379164,0.1302887035704477,-0.8898827780885766,1.3981971579900563,-1.8227625348194947,-2.417444915655625,0.17013681374358128,0.39126355047018285,-0.6025387850809557,-1.8704214295576234,0.22746313751038055,0,0,normal
-0.05876481789698325,-0.06644939845203836,-0.7551897527220477,-0.7145383822131343,1.062296156305556,0.8998352691793726,0.02900287073714256,0.13955667327909826,0.707742461007487,1.7025212284801863,-2.0507626707940934,1.0828654645669582,3,1,normal
-0.18245884912272028,-0.9678065986098096,-0.31361617269920533,0.2940546709230233,-0.3486439375570647,0.005754250666659811,-0.048185639510767216,-0.9080016010877345,0.1407082644300327,-0.06490926530255375,0.04384938562109456,0.5227246274471464,2,3,normal
0.47504322871271404,-0.0655820561112854,0.3148065392878258,0.6804559535260285,0.27707728342053944,1.279624114933969,-0.6935907847723125,-0.9115769138685395,-1.8992163806574454,0.6768928794668325,-0.30671194212941477,-0.3493575713001553,2,1,normal
1.470270623061643,0.892860231005614,-0.3261730198469844,-0.24990846666957256,0.21156106552711823,1.1604348899073376,-0.05979568066987592,0.14777002039714499,-1.7560297948162638,0.47583095736805847,-0.20587130927941646,-1.0836588150180682,1,1,normal
-1.5472854854181786,0.6470953019902687,-1.510915394202223,2.2398474886081297,-2.1743149035281903,-0.5340643726688931,-1.578648694271518,-0.5006397629030922,1.465105482064416,-0.937131602713904,-1.7610108372160889,0.39240902551655,3,1,normal
0.6742927868658745,0.13387476737972243,-1.8491433641622106,0.4213514723455081,-1.125092116514589,-0.14642612404766595,1.6915689221683206,-1.1761572296410367,1.1226366514694315,0.4078664548206194,-1.6110445957232313,1.9302663877315205,0,2,normal
-1.1026612958193311,-0.1606774260859652,-0.47853667991969917,0.8732658713907331,-0.724185765587793,-1.1750532011732142,1.163518426717375,-0.47477565683197803,0.2714628674363795,0.37852837919265364,0.9546321448669403,-0.2834044827740618,1,2,normal
-0.40898634221324703,-0.13037860606130477,-0.25464377075929834,0.5281481097410441,-0.2106388776601563,-1.0507200807931976,-0.8383194879193776,0.032037404327859606,0.10235105769612333,-0.5425950292502453,-0.34362148224336037,0.11537753449599918,2,0,normal
0.23046087511815339,-0.5876716090470854,-0.6799618162146415,1.1262963094067844,-1.0762326411964593,-0.09806293398099154,0.2864437719529834,-0.6335284048124745,0.6643657193147933,-1.0857734047157201,1.0990339158064548,0.7086745365676583,3,1,normal
-0.11658221655821271,0.42973570569778247,-0.43099047074653846,0.6992064403359499,1.0023714283320295,-0.7108958156634703,0.3688415926488034,-0.172363382653768,1.224069335296182,-0.7463062928790537,0.9325447256556192,0.15806429975273664,1,2,normal
0.19830394192587839,-0.5182993122683092,0.7566604210469426,1.469654182328754,-0.697973773630975,1.0153557560981679,2.0034649225067294,-2.1232246398394894,1.2692161449810053,0.2407489345843923,-0.5041929068927229,-1.3027367629820346,3,0,normal
-0.3920977986306302,-0.07110605737601257,0.8404092261870343,-1.4173569046960228,0.8895156058776994,-0.7677612033174402,1.2601429131616855,-0.08283508023961438,-1.0036798399906264,-0.041281763833401285,-0.6313072723525673,1.07678225641677,3,0,normal
-0.271846409793974,-0.6132361971226591,0.17438693780210746,1.7878395379988248,-0.2913809781201435,-0.42992460662137527,-1.298418044754839,0.9319888983254236,-1.0654967884263677,-0.6293471175927773,-0.4528630250776102,0.26707429992496934,2,0,normal
0.8509638429123948,-1.241845750611328,-0.7915679049252989,0.5182977961821016,0.5582558460969295,0.4566172805884976,1.3406195468257813,1.832905887656544,-0.2936354562132756,-1.2948992871789955,-1.1195353335762657,-0.5338628718766719,2,0,normal
0.48329322340803216,-1.2260129048235247,-0.28716348536313474,0.1750760074752976,0.5252049489821402,1.6379779190269388,1.9182238649747119,-2.4221075817378273,-0.809513042875404,1.0454810142743012,1.4150281753355456,0.008383241155148805,3,1,normal
0.2780424329045727,0.28830773640390317,-0.35503511531850723,0.9733943365284001,-1.2050075637825866,-0.990266754158624,1.2786037919556743,0.14171691258092603,-1.1174155895485356,-1.8256416875865433,1.829871830397514,0.5689002041091061,2,3,normal
-1.1704586481895296,-0.8411261773549151,-0.2444406320607954,0.8929361429482672,0.6057391412645031,-1.6600224918730306,1.5670649728714727,0.8566445233816375,-0.30603851854198316,-1.5769096796483002,-0.2595091766744611,0.716632344287544,2,2,normal
-0.9829503852099624,0.8062839728395785,0.49646126025675574,-0.48209132726153714,0.4926239086933763,1.2594233323458635,0.2787548038857346,-0.8124305409920802,-0.25029650318917773,-0.6311950833301951,-0.15092764163237596,1.4224478893835295,3,2,normal
-0.9513297358514576,2.233993326147869,-1.2257604342343504,3.0097415142712487,1.3312015146117475,0.014222218362866435,-0.7123729308499047,0.44341680150487256,-2.30703488164971,-1.0413305425183583,1.767958171604998,-0.15613058733790533,3,1,attack
0.09598135166972563,-2.4336348983332825,-0.4755124351927299,-1.6553464957170367,-0.7957068717144025,-0.7950385244590374,-1.0375168525252954,1.570313399241987,-0.8597840337395828,0.15282698327728803,0.9308219099532432,1.3461390403172047,1,0,normal
0.4560971671393348,-1.5518487560941232,1.1829332446392515,0.12332067838691464,1.0536664822459816,0.6024535080110073,0.5100469287885517,0.027963136904833232,-0.15333667317456756,-1.5934509133121855,-1.3086308735774073,0.15277530705669617,3,0,normal
0.1470950716272243,0.2503745521735503,0.415492257332245,-0.12092151043247892,-0.7254870247713286,-1.052856909614479,0.10204625867726178,-0.5786995203041781,-0.9150390536178961,-0.3741753523416659,0.1785912475011395,-1.0818983173895373,2,0,normal
0.6083902851650481,1.8949344854056223,-0.20485120800365025,1.050426451495158,0.6079142765032994,-0.725459739028556,2.130557881307825,-0.03184054358625087,0.04160912635628483,0.044526554267181835,0.23817771422715742,0.479365227567697,3,1,attack
0.5358836384975505,-0.01738107387467421,-0.3320972667451615,1.3853929453812024,0.11596519821404586,-1.2286177875248951,-0.10420234375772934,0.51334367659183,0.40285708149074434,-0.4186603019789754,-0.17862395418498936,-1.13586138502587,2,1,normal
0.27594806067111965,0.6381020238079823,1.9121956887207983,-0.7673752881977592,0.2713478878179015,0.0830492781807017,-2.120616426539535,1.3295173298366731,1.1370791636917397,0.49357498748508255,0.37917086090057595,-0.1823480177729258,0,0,attack
0.36052917256869527,0.2285368929634201,0.2737098226224375,-0.9116197948903356,-1.9500283601181634,-1.7300629849080913,0.9457278314297463,1.8771242781508384,1.1260988943597177,-0.015259915853175167,-1.2398565327873523,0.15359886414085058,1,0,normal
-0.7167732480939687,0.3195436887559967,0.09646376599588677,-1.2577177174652356,0.771251487840731,0.62165396007614,0.9447995031883306,0.10330702872031435,-0.4675605034250542,1.1560227993381313,0.057610199135133724,0.7826454056736316,2,2,normal
-0.053917591642940445,-1.0658371860940037,-0.404242461136035,-1.2997961277341386,-0.9160142223855325,-0.429885118379391,-0.6166659925659121,2.2583023575097623,-0.9255274625613366,-0.4012402669156976,0.40495962991139917,2.0427326406956188,1,3,normal
0.06564687454139777,0.5775854916097264,-0.22886747786735398,-0.9109703485288422,-0.6322258776607527,0.9057411526025402,-0.10730464393791252,0.029230092025042075,-0.029318196020842957,1.255353958237409,1.5835952832667848,0.047325795100249965,0,0,normal
-0.49433636578501905,-0.3835108248032507,-1.4569884358362095,-0.28838608068146937,0.5894739234008808,0.5598776027804189,-0.5753252063849255,-0.01599687290336533,-0.4018962395209225,0.04074431297261256,0.9981665400397169,0.26326045878932103,2,1,normal
-0.7329530155090282,-0.398009779311314,-0.6842245816343042,0.11811091612189135,-0.33051025945684903,-1.3256748565279093,-0.5919783682161102,0.6913196425100328,-1.1195613735850904,-1.0153387866192138,0.280967346916462,2.0206735304031946,0,2,normal
0.3049695068355932,-0.8365181494224133,-0.32084073331071783,0.47565447252746523,1.4770814070796303,1.502552587483748,-1.0194180509191935,-0.49677283124184113,-0.23780886129554882,0.002729173727329384,0.6177376365233187,0.33992241375554594,2,1,normal
-0.11149957348764887,1.4903180141911294,0.08257456464961964,-1.4434193609961947,0.009885845271522548,-0.4640040907450063,-0.1861957801040867,1.8390123507901122,0.4977229369608905,-1.2905044253657962,0.1458765270905486,0.46312374935196016,1,1,normal
-0.42872920113124563,0.8617503477583409,-0.47698827796337173,0.6847554689461287,-0.5707729164923739,-0.7986249018144131,0.8480922492285605,-1.4733935529898885,2.0238971453315573,-0.14462769107323012,-2.0298023483252674,-1.215637337938515,2,2,normal
-0.8908769262917998,-2.2017392859110574,1.5118957123014958,2.6385561582565367,-0.6951447637598988,0.4887085580709734,2.00994726635363,-0.4474839984673532,0.6643936326277164,0.9754650627906842,-1.6155641921263986,0.30708165404573395,0,2,normal
1.1141932773615895,0.12555569429227317,0.19921847342814916,1.230131002067413,1.3414805130749679,-0.058671658081894756,-1.9103443485634206,-0.31859880968694004,-0.044816110021507365,0.034922850119495114,0.18821857538814538,-0.6872936429117246,1,3,normal
0.04082539347715943,-1.4343754149533778,2.268260662817047,-0.33246677967998506,-0.4439399218120004,1.3732067924732356,-0.14637849734968963,0.20537904147482683,2.203146277452776,-0.8923360140945559,0.044149255667357806,0.34576579416234926,2,3,normal
0.9023373755324525,-0.7395005063309783,-0.48133433725945124,-1.6951892123867593,0.867956156229519,-0.3632584832728427,-0.5360669414933924,0.29592407672709276,1.109629918357087,-0.7507090270417599,-1.9100854925337039,-0.9790466701340618,3,1,normal
0.5268411786410717,0.21623882647481452,-0.8154031905113356,0.31896696481187076,-0.3904245373613338,0.018062092161235496,-0.8432630811925462,-1.382616204177022,0.19321875160259425,0.4524802510839217,-0.011934480165588821,-1.622092382053128,3,3,normal
0.6303881452550308,0.9917895401754936,-0.6040662869250096,-0.14331214000054443,-0.11206690450144494,-0.35787164561047624,-0.029836016405441396,0.9330279944927758,0.5402275513604715,-1.8020528937539402,-0.3258995799968365,-0.21727918918251563,2,3,normal
-1.128329240949911,-2.527393401830409,0.8277593603348499,0.369016716928668,0.3967657381214195,-0.31047393184537586,1.2225469771509656,1.6657529438787153,1.1828407285826201,0.6863293627838143,1.6082850324837537,0.19767618373916976,2,2,attack
0.5907263512164652,-1.2292602009209546,-0.3643268753721983,1.0174628688926064,0.9009071806858585,0.6531616601632435,-0.05637688133977653,-1.6825504838226077,-0.5170817898406387,0.8427327423751402,-1.6097522923106924,0.3297472249847255,0,3,normal
-0.7622474862960974,-0.5421117458742064,-1.154890909154197,1.3096363894335867,0.16096956919156652,-0.02806400384340698,2.4565408574883896,-0.7009404762537118,0.23786553165862784,0.7106747602731004,0.2128741834486592,0.13918192602300528,0,3,attack
-1.4234831870444673,-0.6907106361420657,-0.7616107172635797,-1.1152112059684878,0.2971717500461166,-1.4894351246983164,0.9684163136493815,0.9216546875179138,-0.21755814533818169,0.05767783950879397,0.37779949448686834,-1.1179772977228306,2,3,normal
-0.20855213987246538,1.1207286951451307,-0.16535980719423576,1.4243568790495678,0.6630729256217874,-0.3018042712959203,-0.33151366794997544,0.9062258545157812,-0.13432415697342096,0.8781681267960839,-2.20843080696775,-0.4511937311240346,3,1,normal
-1.5731109453622882,0.4076579775564268,-0.09078188432393593,1.2024288595638806,-0.8938073884089969,1.3793310206305873,1.0567862620706105,-0.6908906966799497,1.4365869724384244,1.0469718955479277,-0.966614173539649,0.3484519591259972,1,2,normal
0.11398795571995463,0.3791089244272281,-0.06053852734772513,1.0912410415174618,-0.18117946104659577,0.3783787201995442,-0.2407092620904581,-0.5606798717948834,-1.8541159973276469,0.3936121464324945,-0.10854854913915943,0.2300639055594029,1,3,normal
0.0093009259647893,-0.6825514990241617,-1.0285741399827886,-0.04381119004102605,-1.5615859264327188,-0.828221228980158,0.04790417265188759,-0.21654001617251734,-0.003995430515159965,-1.3031584219189953,-0.5434514971249704,-1.110254697346239,1,0,normal
0.9945569731393089,-0.0620083508003589,-0.10342303596841658,0.6328469277110883,1.2080011364022003,-1.1646916082666692,0.31576294567468177,-0.9648210119087061,-0.8624068850357556,-0.4661309623691369,-0.7420288225105234,0.7384883115883011,2,0,normal
0.18883256083129785,-1.1587553670896127,-0.6514390182302624,-0.5725866579704542,1.0905012728426566,1.24387277155827,2.277529722614362,-1.6552464932137818,-0.2578653548056231,1.9749943251113427,0.1235062848234622,0.40906880713000543,3,3,normal
0.13779951195815782,-0.2293207486573595,2.0286855979743232,-1.1284986202357006,2.052089116218045,-0.10864939724047931,2.0021104604950866,-0.6483869614366711,-0.08652646633703452,-1.302403345246945,-0.08799994254689104,0.546636941798988,0,3,normal
0.2566000090972956,0.2554169301878921,-0.3904905027609259,0.6485815124159882,0.732211843134483,2.6125698636128623,-0.6447023495137163,1.078935233420313,1.6174726414713074,1.6496773606432087,0.3260551040042536,0.15812844448175128,0,0,attack
0.44688082456936723,0.8329546906885837,-0.26215578614942203,0.2573545352308782,1.0207299997201458,1.0805109910271826,0.21392961455287235,-0.8476953846125238,0.7004820750026471,-0.20484861368990254,-0.7801747424293266,0.452031075314838,1,2,attack
-0.5069285013708135,-0.7980413382621819,-0.12302343760352354,-1.8321001548099898,-0.06709388675799677,0.4442504928518522,-0.2837434578280886,-0.2801219732342744,-0.24946379599857924,1.0854030808098987,2.29784877235268,-0.948254243763549,3,0,normal
-1.3959054423289543,1.0176888881516943,-1.2991245609156605,-0.8879156233527786,0.562807955679828,-0.13015589972105565,-0.8806370070601973,0.7731162510955598,-1.5106770958056048,1.4416697752932353,-0.8740085470948012,0.1907475756131205,1,0,normal
-0.3334929758401153,1.3137638770598496,-0.9550952803997511,-0.8089439236038459,0.6708384673461661,1.5094899634404173,-0.07763835858141482,0.24791620419641988,0.9280386022305311,-0.048099222473267866,0.6871122057024993,-1.5546189933015684,2,2,normal
-0.8370647846373307,0.6571291128653219,0.13963250175469438,-0.9313992927265348,-0.5886944286531416,1.1230209897141463,-1.4111966048089126,-0.7550569063177401,1.309068270029074,0.659369450311769,-0.4473159481263401,-0.23334130884095827,2,2,normal
0.43076586635762476,-1.5649974944406821,1.4926781777232663,-1.060319273865857,-0.22759200619720285,0.5876126328404783,-0.4238790528966276,1.4453840900919206,-0.1380998153845658,-0.0008412338153447007,1.68668578710716,-0.6889078810529577,2,0,normal
-0.5125787870231824,1.040749082287377,-0.9957234850621395,-0.050233462233663984,0.6114270285480059,0.23171161405165752,0.7860091595115769,-0.02225472824174052,0.5196776036471551,-1.1384046795932092,-1.41671234313475,2.109520972306619,2,3,normal
-0.1398213539101679,1.6902655744848134,-1.2475445534005107,-0.14862776737509026,0.5429100384786075,2.1915228439049312,1.508343449611783,-0.7026221679939452,1.436027207985369,0.7723883329095117,0.4639351709359227,1.9528647569212039,1,1,attack
0.17194674674879598,-0.0607091028874248,-2.0671787433768136,0.6272434099815749,-1.4613104667712862,0.9592069283215259,-1.6662689461728002,-0.5820218389311407,1.707727084718725,-0.18957165437544313,-0.5178030521429481,0.8002153037043052,1,3,normal
-1.6643826986240369,0.897920858153518,0.28100356945761057,0.7657028277679364,-0.7376677481914485,-0.40608024938077947,-1.6999988170981015,1.8793218861052763,-0.050660360735709536,-1.3930242929678591,-0.4362119687313531,-1.513466377629814,1,3,normal
-1.5616373811310824,-0.38441292854325415,-0.3866702481049735,-0.6919037417866427,1.494619586421375,-0.7967909723807651,0.5432935271802565,-0.7969454613962378,0.08996591955054949,-1.961084816258256,-0.6753460126663385,-1.3417825108587378,2,1,normal
1.2305942299221933,-0.2699766863940772,-0.9190987249375712,1.0643730044164068,1.674348686379347,-0.07748979387180514,-0.46437806457259695,0.4664891913874502,0.3674549166568796,-1.0400740014878556,-0.9649850899052218,3.1055797316522025,1,1,attack
-0.5948369162256907,0.5742353929367908,-0.25877333378122697,-1.3907256600287519,0.32902884557522466,-0.5057201850582076,-0.5652948963654667,1.4556950340488093,0.10684142462480078,0.11405039548728468,-2.312647694035677,0.32186653686120587,3,2,normal
-0.019862364676622255,-0.7326287657667717,-0.43509649193279104,0.5127349216204603,-0.9415267404026199,-0.07100647825805992,-1.9040045220052089,-0.7604781641216588,-0.6667306439886624,-0.10650890187388859,2.5357463452285085,3.2379589860534366,0,2,normal
-1.3565709591254949,1.4616023303268473,1.0310661420720801,1.40103164276402,1.1085432467531726,-0.019340015895045404,0.565215721845784,1.0452811830544386,-0.9930715725507672,-0.02497709470565115,0.3978591855566033,1.8457568480961128,3,3,normal
0.9350739515335281,-0.9534819190505909,0.49971842745364026,-0.027711256208000395,-0.21008529654198566,0.0250494352848695,-0.35096389045527426,0.7093939062875322,0.6074200993678948,0.12196345345061815,0.5596155402176896,-0.9349063558124536,3,3,normal
0.5681796822122678,0.5615889245774497,-0.19365208248733232,0.31814807964992764,-0.7278131462844222,0.2732371056944351,-0.7763074261602275,1.9240956217612186,-0.5164613916435571,0.6634514872974895,-0.10018669176834416,0.9999252911181312,3,1,normal
-0.5264767106011196,0.12905277384391303,-0.3367196590789888,0.0032003541415590656,0.38446157323771074,2.407386471627563,1.5983282482343972,-0.8727136837418782,0.2736476798651956,1.1877154991078576,1.4014270104574134,0.8541615023905686,2,1,attack
0.25848998775518667,0.26492180225650025,0.8183496573250474,-0.307578202826713,0.8083952845766386,0.7886818917634788,0.0021246281956531325,-1.3525050386718345,0.3743304955401972,-0.4238152123672862,0.34044301629484536,-0.23484677229806786,1,2,normal
0.1942574023604995,-0.23070303854572385,1.0977936891239422,-0.8475859245951202,1.3950264283847709,0.29278227890396696,-0.2968605132685523,1.1801930122092075,2.4711177032856324,-0.933744509257907,-0.5490099539044327,0.2221480930214024,1,1,normal
0.6619498924661049,0.36570486716546674,0.7761654557169505,-0.3289563003434543,1.3403123817634155,0.22536516625918948,2.443654772413441,-0.5100158135128572,0.06778406265721194,0.31123426017522776,-0.2742952158886767,1.03396243885178,3,3,attack
-1.1323520186634783,-0.5542850818447611,2.1204641599702096,-0.08242245755605841,-0.02260902824068794,1.4496697610216893,-0.612251225728584,-1.6680104304555063,-0.38437480574758803,-1.1231373979250443,1.7302871560738087,0.4293955000513311,2,2,normal
-0.439801616970461,0.997603869650043,0.9664366484476488,-1.3038888221819178,0.4334872334037815,-0.8106063291303008,0.9977022815060378,1.3091067823656777,0.9677873057727384,0.3128778079981699,-0.09962849460552647,1.5055636404518162,1,0,attack
-0.44285944665396076,2.300102483558007,-0.30023548939383904,-0.08188761675362485,-1.5300355865664095,1.0558525443208904,-0.369869075235214,-0.13034044099260156,-0.3130279721511883,0.6359696623303414,-0.9661578691161212,-1.1250319503949366,1,2,normal
-0.08376468961174599,0.12435547714682386,-0.2106722342120515,-0.5392957942021873,2.406264424529366,-0.6895551902684943,-0.10559101334809823,0.3422812300737381,1.3385611610911325,0.3436689728830831,-2.764846143438542,1.4927014927230458,1,0,attack
-0.2102293107133991,-0.15854023567758252,-0.40173535414761796,-0.3687844079821742,0.9748670092155288,0.49421114210071515,0.37307919064139905,-0.2007891341538983,0.6397617485327839,0.6897132247526226,-0.1793385990711785,-0.9808327546965752,1,0,normal
1.7125148095568594,0.9942652804927965,-1.0396515704289464,0.3004584681310677,0.680488434059042,1.0928402008611313,0.9007229247328048,-0.17521163785063593,0.4758373367001789,2.0718464905552207,0.2151645566429258,0.9547194184796953,0,2,attack
1.1930573343213553,0.5438235440130896,-0.4890870863874476,-0.864854867145396,0.4388568549635989,0.25198379559071443,-0.03927152120053647,-1.5209718919760915,-1.1004944674220027,0.0573558791524069,1.6255395599516955,-0.597842162196506,1,0,normal
-0.23947438921716377,-0.8542281067676423,1.8304504921613158,1.0102388374254034,-1.1480497658317592,-0.24958304973750292,-0.8494888061912159,0.06941371944899126,-0.1467822123267446,1.6817340082652255,-1.0560595459923634,-0.5857861950530446,1,2,normal
-0.22772563332603737,-0.27791273882153505,0.21697697245248673,0.028811423229782338,0.7287086969153042,-1.7189334528447837,-0.14820509269845472,-0.06609027216071783,2.068732585465836,0.31916685827713076,-1.251299731804345,0.08817799687447575,2,0,normal
-0.9012023929019264,0.3445432943678567,-1.0260086241004476,0.6531501110229747,-0.21898391239406406,-1.1456425311423235,-0.38761855514756266,1.6836715749264441,-1.4597150537881811,-0.28189560578721695,0.5986751054297474,0.8964103151530595,3,3,normal
-0.6916689080251686,0.5922786133909974,1.0604531831433963,-0.40393906591255124,0.9273282521223982,-1.292815380851317,0.9826557292329302,0.45643131932899234,-1.0493148855644896,-1.624963245614086,1.372752788202083,-0.6536777040812779,2,1,normal
1.523704958933066,0.6875407897241387,0.38687016101159316,0.32364409459392735,0.5652626346958158,0.007791425050485634,-1.107241282442164,0.18417191741462338,0.2851091302126969,-0.12681993568493685,-1.0112195460282212,-0.9666763567122958,3,0,normal
-0.5369393926859671,-0.10510568116585879,-0.7811559938823338,1.2816361797301703,-0.40955903604139005,0.3482732698123144,-0.9316942371669537,0.30518338764134695,0.32990441667609516,0.16570470379285343,-1.0435627003207701,0.6690802713500827,3,2,normal
-0.5095389670478218,0.6935732500588554,-0.4254788479848055,-0.2260925027391828,0.8689333635962528,0.034301917040284916,0.05835192761823004,-0.9917827129178449,0.5456481261828386,0.41645280726875267,0.8644073614047905,0.6717029691649393,2,0,normal
0.5832930827127639,0.7937320864019997,0.1092026101224709,-0.7033154996384358,-0.4916665657928504,-0.30873681368713707,-0.5090450043288406,-0.8930799642451202,0.593392965944055,-2.0425825029913622,0.8355010538251645,-0.4438899718408759,2,0,normal
0.4686464664151516,-0.29076609693744265,-0.36937152969647213,-2.1349581889716807,-1.0928050032068235,-0.2655709789581542,-0.25670316387574355,0.34568544220630143,-0.27481092119271394,0.9235793995624195,1.4403141058312383,-0.6807410273997513,2,1,normal
-1.5038063776250108,-0.64109381212347,0.6249792707069234,1.125613376364007,-0.2120349634802956,0.5319447922596966,-0.28517763860784434,-2.4733466943334528,-1.1901457806567903,-0.39524092357062496,1.4565308052490074,-1.1029403794648043,2,1,normal
-0.4026208665324976,-0.13234783905222933,-0.3530603250406883,-0.028440502526107348,1.737037714477596,-1.4143352031490253,0.73054683544958,0.29164163919747316,-0.10350449343201262,-0.6502911878480185,-0.60845953098674,1.5317729167015668,0,2,normal
1.36577177414905,-0.5149481283669521,-0.6500282172634227,0.07693820468835028,0.4192665493526253,0.4982126852378638,-0.513104512819465,-1.3398334814487673,-1.5537150026958855,-0.5856811612406949,1.2174175044370972,-0.6842205634388121,2,3,normal
0.2562129992072102,-0.5207641380936471,-0.008834857158963382,1.0304968805664456,0.6420485146755268,-0.08513717641064636,0.2772841785813361,-1.0318345972501062,-1.5307506642588686,0.12598727128794707,-0.9344070532665362,-0.18054462745935254,3,3,normal
-0.4690874713803354,-0.16367596032493295,1.615390057715988,0.5082265664092809,1.9656755593898614,0.14666360023933375,-0.0607146318962322,-0.15939581914545878,2.2482428381592205,0.7208195120063099,1.5665767895399993,1.4014816037919389,0,2,attack
0.43998346121940846,-0.1618467835699576,-0.8415913958830333,-0.12089585947642938,1.1147287155370054,0.9041268685538068,-0.5273807925181094,-0.6582191407187887,0.24637787752761597,0.6318076971427276,1.2652858938523281,2.3214504251002244,2,2,attack
-1.2305774917901553,-1.1472468247001546,-1.0142514445750634,0.4855890326235632,0.951578845494281,0.26581776075627495,0.14398935276906383,-0.6631672020389902,-0.3068509483316926,-0.45642398750631324,0.5094551816130722,-0.9502886568081297,3,3,normal
0.37302230320367535,0.13396100410775152,-1.0008383213809038,-0.29548499066798156,1.3127303320815367,1.2369077899741872,0.6262195986056037,0.6174472909044725,-2.006990492847912,-0.6875810866925108,1.427948514189362,0.0007818703976803555,1,0,normal
0.9867949202844647,1.443121251513185,-2.3809984436260203,0.19527213070296465,0.9146892820989645,-0.2102972147212341,1.2056071115002187,-0.11099524729248694,-0.021789530003209115,0.29315467071437634,0.9046556013936216,-0.3010665058943195,3,2,normal
0.5072113264393301,0.15380162920559812,-0.11349701805311631,-0.8120027423674012,-0.34859135902091265,-0.0028610163681948493,-1.5839173337626613,-1.2908290227601302,-0.08073141001880303,0.22852655731331264,0.7885773439183085,-0.7945190326886443,0,3,normal
-0.44952217549975004,0.5780424503297106,0.4287516976824238,-0.4283430250019963,1.7673435282526742,-1.411448722374534,-0.16803364199917384,0.20409442258582328,-0.7384158926115655,0.6950842933274379,1.4396708890362384,0.5905805384635457,3,2,normal
0.08810227567219045,0.6962904135000462,-0.3233325922684516,0.4614595861115921,0.7587131421431921,1.0341366780049568,-1.7942375893829825,-0.7182279287462258,0.4605096540012783,0.6917227595684309,0.061815678255237226,-0.5202762552083317,0,3,normal
-0.13355122681255974,-0.9473519851651307,-1.0704735519276243,0.5008399021518496,-0.6405211116578388,-0.9849149052885611,1.9874836708520602,-0.2902682033641421,-0.8441964345334733,0.029876261924195836,3.0665207199015136,-0.0872324481040938,0,3,normal
1.0468948099105757,1.7839868294026975,0.8694901094011325,-0.6587372253825285,-0.17229363992315666,1.1951807788152773,1.564319520093068,-2.4904958782784328,1.1441752677074646,-0.20234824244657973,0.4124160486484122,0.9868798343268074,3,2,attack
-0.41154473292835103,0.5345374070989002,2.452671092943556,1.8600336733311598,-1.258068488670188,0.6152952106170068,-1.5540179720434224,-1.242554949283027,0.7876547358578359,-0.9474828931208267,-0.46500642163835715,0.22792518018084587,0,3,normal
0.6851337349553526,-1.2099711017894952,-0.8567026060999837,-0.055477023152981905,-1.3181120126679882,0.770025110683259,0.8732213487938616,1.2715144362636526,-0.7926692321097298,0.5545666981424767,-1.3889617269051864,-0.032978668131927506,0,2,normal
-0.8744895619397242,0.31754365025647063,-0.299379018492698,-1.5978111637398866,1.0795354475430268,-1.763301112948843,1.4700497230489455,1.0817887221652793,0.9584359028594992,0.23092200887856407,0.6786194516805553,-0.6677331490066822,2,2,normal
-0.846003358278138,-2.357884388026302,0.4807473600615331,-1.3403887681108884,-0.5771168011858441,-0.8521628527834587,0.8107901688034045,0.23388445603522934,-2.0284326290325754,0.34256239478381145,0.6645737554474741,-0.6920185869822467,0,1,normal
-1.2113005670691621,0.2855369714829336,-1.1047581720052653,-0.03048977093782662,0.40229937988598574,1.2697061508483694,-2.1252928740044386,-0.43851997350352134,-1.572210011895949,-0.17246597693101018,-1.1852561728350726,-1.5775661639648366,0,3,normal
-0.6733402756741532,0.4598677805067551,-0.9529797598380572,-0.5080945589949416,-0.3838736299875618,2.168800157075665,1.0541344484408819,-1.8028794185382215,-0.4300022001935835,0.5320381271075777,0.986813368535406,1.500448069465084,3,3,normal
1.1440142971695997,-0.7083023613058531,-0.37135123025035527,1.5943675729525528,-0.8989746269834848,-1.3065088079365423,0.00692073884071281,-0.6940456701713834,-0.4917666475914456,-0.37540113000718983,0.5407553983728416,1.4377350334351762,2,3,normal
-0.6546414383644319,-0.3757406020939348,-0.5008180273645041,-0.63108437133724,0.5589508773870704,-0.8276063697226269,1.6691421128706851,-1.280426882497194,0.8879342530482536,2.08171283811551,0.8138209468300676,-0.40787469761923606,1,3,normal
-0.8486832764275607,-1.3309194476820645,-0.40023785812165896,-0.11246621899150466,-0.7248775350755118,1.0358357324468863,-0.4924802892698322,-0.070467778309317,-0.47462867090266114,0.30098076448410926,0.08831628875826071,-1.436454156563263,3,0,normal
-1.4011974074446762,0.6370002889320434,0.5024848754136702,-0.250881005445121,-1.8429163600805432,0.5151288721966742,0.7129130347106278,2.0441190583934326,-0.19916336087109784,-0.14140729835882915,1.2555869835702613,-0.5862819508090303,0,1,normal
0.7972399030541872,-0.3710791098456646,0.44095657568415114,0.9310863586467952,-0.8007048753415253,0.2967865294904967,0.5997807287485667,-0.6761227667935015,0.6087659797315607,0.6150588949027574,-0.44004969654894927,-0.9879577587282062,2,1,normal
0.6591954437774658,-0.3030347505746693,0.17762742074312596,1.9263930618022813,-0.3752333806777038,1.3981215283086343,0.9965188073482416,0.41229655196296566,-1.097739466325004,-0.16637112403497023,0.15753069514489904,0.08431728353606775,1,3,attack
-0.16571036168603626,-1.4531685082104868,-2.519463796015436,-0.6289381981838855,-1.9054386523833597,-1.1003777012002944,-0.4913615284828929,0.4649545356442909,-0.3576509679007675,-0.772579620324111,-0.11195349736323572,-2.0548972025181116,1,2,normal
0.06792225431754283,-0.78168225948453,-0.05533996097439348,-0.015730227877704103,-0.41090452924919246,1.7386657739191425,-0.5357723294317104,0.14896914069452635,0.6634331065814497,0.1762363067594647,2.379414891216707,-0.5115254375810175,1,3,attack
-0.2366942693672312,-0.24558705149897123,0.8451694341230057,-0.857852147632866,-0.4530633157990769,-0.4631531345446241,0.6377649603585422,0.48516350224074345,0.2675924683278603,0.6795581846474599,0.763655068338485,-0.3224399022069131,3,1,normal
-0.003817867104212544,0.5320901520296952,1.8125007252188736,-0.7722755899947248,0.1705701375393533,-0.6153774867048487,0.04103339961675938,0.37675224068452406,-0.1308169208395672,2.3257602137318116,0.4894918280198923,-2.265247399612331,3,3,normal
-0.3209221397358836,-0.8395344319549564,2.4822190378315643,-0.5222219010771216,0.370926345646031,-0.6031720197544593,-0.11100680861040901,-0.3399033556408276,-0.38115758074555467,-0.9102787322718503,1.2477572413345976,0.45804551929398496,0,1,normal
0.1549626076722805,1.0163285186113724,0.6632771983977008,-0.16228668266253415,0.3401915507165456,0.3975690157192771,-1.1355346354719382,-1.2862572833140118,-0.12685164717964834,-1.0169611456334098,0.9182353054543239,0.5568057679576826,2,1,normal
-0.8085674764251197,0.5253927077532676,-0.4786706620449096,1.1598496583295501,-0.7010454242724116,-1.1202870619876406,1.9363132525473425,-1.7938000924420663,0.10415434242381534,-1.1137784281480416,0.44061629604403996,-0.1588179904312434,0,0,normal
0.9120139791056019,0.8445394484091755,-1.4836132810422866,-0.6597975471340182,-1.2912588488327614,-2.236773935573733,-0.6950418719207516,-0.9351997253943831,-1.4334813967044864,1.3255558837944088,1.2693739989178419,-0.41455199116010266,3,1,normal
0.5809546607803558,1.7751161881564754,-0.06754098210596411,-0.5368625437208631,0.24905865110328562,-0.02689391517280312,1.017208207143793,0.05611051547357789,-1.0264167859025968,-0.6199417937111666,-0.24486869410759474,-1.0849959040572255,2,2,attack
-0.4266596400178804,-2.1445333427619997,0.4127558436948385,0.7625553902037271,0.5224508353842598,-1.6378705766310029,-0.8678234776795031,0.22617976892073793,-2.8209188102809497,0.019271722686211083,0.6090549257086009,0.6527381481950385,0,2,normal
-1.1481004186516217,1.0641599725997166,1.4624861801086675,0.23137006772050006,0.8864542362386932,1.0848712932655926,0.9945696324118902,-1.233744916390578,1.2386005650162644,-0.3572033936671344,-0.43344814290325195,-1.0896148485414117,2,1,normal
-0.5447594644725668,-0.8893117692597622,-0.2017463053862435,0.7960879720759144,-0.6162941779406116,-1.2677793121954177,0.643269958938425,2.2147302190368725,-0.5560446643704758,-1.4260936922797078,-0.47250538627785643,0.6345574613025592,1,1,normal
0.08306446880725517,-0.7797959014850732,-0.33710408603735004,-0.21307431934976584,1.0393980042055517,-1.0674734794216771,1.0747728729610257,-0.6173769415547282,0.7615134438682951,0.5615478626617224,-0.5111809983891502,-0.023624743978329914,3,0,normal
-0.24690269585901722,0.10290203156789546,0.00014864342737894897,0.6555842067789011,-1.5829278050530293,-0.656633378059425,1.608475866786692,-0.9163205151553389,-0.1690455876611866,-1.8798005752479612,2.157321650248358,1.027128420992666,2,3,normal
1.0696110909653755,0.767951993364615,1.4657064274084894,0.8703116182973157,-1.4029550023263382,-1.0204507780358343,-1.5356617358450064,-0.9629050196376098,0.7100945067374038,-0.40142294461143196,-0.04057582152736875,-0.069352381650275,0,1,normal
1.2738047239518582,0.48516932327060763,1.9348531895849124,1.1021470925020247,-0.7039653499258441,-0.9995216291600834,-0.5489047064633195,0.23722234984872193,-0.6060269093979278,-1.2497551089838281,0.7841947513057757,-0.1800837791557413,2,2,normal
1.808401095496903,-0.318656287716193,1.602390067561695,-0.6146415563789123,-1.8806113117422738,-0.6306180830229022,2.2092407741231286,1.0238797895882255,0.7695112808300154,0.1398754523253867,-0.7586263367625083,1.7132240890092296,1,3,attack
0.011723561179053751,0.16762730043244845,-0.5039313590381236,-0.10222696490724775,0.15246032191611025,0.6195488285454059,0.7136595029855332,0.11698870968884247,0.5059157552100654,-1.451987113256745,0.027001331832746982,-0.7432842225435964,2,3,normal
-0.3159029797839479,1.6545920505943004,-0.360173640694041,-0.7556344001379344,0.558802837817052,-1.1138125953500628,-1.432443502530144,0.40342512032252753,0.08280408630328771,-0.7806084547244314,-1.0167763976842528,-1.1807150575058782,3,1,normal
-0.65816482148838,2.5546097963535135,-0.7327723875704528,-0.947830863707668,0.09741693734010982,1.218779323120931,-2.206204142260148,-0.9818211776852208,0.5105179409984683,-0.6048681567011165,0.3868970959384029,-0.5211900789009704,0,1,normal
-0.07154161767510453,-0.9925150450955996,-0.38135527745785947,0.10662587309057976,-0.1445384196935361,1.730909085682542,0.09153937592648256,-0.8536332646792464,-1.0458079192185414,-1.4126480654838454,0.03989835430230074,0.387733228442872,2,3,normal
0.6040439904391246,-2.156421642326047,-1.773677932141097,0.8294201226259726,2.6737317104825524,0.9612847192966041,0.8057545627808339,-0.5295342979347453,-0.5190812232255045,0.3653155518486947,-0.8430768196560353,-1.4709295249384464,2,2,normal
0.21149527799101353,-1.2020028781978378,-1.1285179056003358,-2.4421673769117187,0.4903552381752921,0.4498356463283613,0.0015194859189565399,-0.9695355235879867,-0.8006771728202189,-0.3522579804003045,0.07287117202644383,-0.47832455923464157,2,0,normal
-0.6306704730356864,-0.46014267526492525,-1.0774817642355212,-1.154460044909431,0.10803520293331122,-0.6905010837992304,0.0037305603277356008,0.5960489673020327,-0.8829517766327007,0.24098724862546497,0.26979711637108333,-0.13108377328695217,1,1,normal
1.7924191857717287,-0.3808014732321625,1.682167423006544,0.9960862764954899,0.0025543689248812003,0.8388477066560566,-0.11307308138023152,1.6768816760672598,0.5640505693017626,1.8445967607975433,-0.7228325892982104,-0.6636780445919052,0,0,attack
2.6291564310590836,0.15479467594100388,-0.44547970420931626,-1.0810297367739956,0.3645674663485975,0.9172539987015192,1.1323342003534775,0.17750186862995052,-0.8368504459636005,0.32683079345307536,-0.34043108937572153,-1.6353393274540289,0,0,normal
0.6141036493633053,-0.8162583007846808,-0.6588208759986546,0.5998195255768941,-0.1747123079972395,-0.7066128623028191,-1.4844553663268931,1.8248850758234032,-1.5997317146397994,0.4263721308755557,-0.0363699874078222,-1.0979983536138358,1,2,normal
-0.22593505398891392,-0.1429131528966913,0.44277683249378186,0.2334328972222379,1.3251038713621694,0.6750802055188744,-0.9815119102732062,1.2942886104987859,0.23195983091737055,-1.6683714647345775,1.4834219734654774,-0.7836173596891292,3,0,normal
-0.3036813171020299,0.3063329051431552,0.7812527604416672,0.2255432057117373,1.6859671006474544,-0.9685635754319656,-0.41156190240533025,-0.25183951976796626,1.8131365605520253,1.5929166695603116,-1.2530930369013062,1.041997140934763,1,0,normal
-0.15983207980967917,-2.6121086623832075,0.8493265938932942,-1.800249196856981,-2.0340672638638004,0.7213619476506218,0.6529353041823468,-0.3395715447148851,-1.126603261074184,-0.007448535070568711,-0.865571826693716,-0.27814661184077955,3,0,normal
-0.5448655831578224,-0.1861540783151909,-1.1997667864920183,-0.7765692779720912,0.5053216807158111,-1.5852297221294802,0.4872034261175884,0.08793662762127687,-1.0412727433976625,-1.1420995502402804,-0.9974123041444884,-0.4673055903472567,0,0,normal
-0.8417818745673806,0.8251262021096509,-0.9557272359822964,0.2602570434449197,-0.6166422795866346,0.4851001413568792,0.628309816061387,-1.0849661947886555,-0.5497956012332145,0.08231813702384752,0.8608723877650656,0.06054843819991268,3,2,normal
0.6264115431363028,-0.32567872203715464,-0.2960320920443866,-1.2627531952151965,-1.9862314660938256,-0.9836375148874152,0.5572402513706979,0.38504924108425453,-0.47884986551622205,0.9864536826596624,0.4604242564450133,-1.6609175081633962,0,2,normal
0.7664613189098803,-0.050533824514610776,-0.41273115707500113,-0.7034458584948096,0.24228037329573324,0.6532980629548991,-0.6655139440991493,0.3045093315361976,-1.480204287119924,-0.4900207460766708,0.7580831673204033,0.9298461900943772,1,2,normal
-0.5381195433893584,0.8460455359233924,-0.38248307387053565,-0.02112673173670273,-0.6782681140206817,3.5799170230631603,-0.17398237446073733,-0.253105902123032,-0.5410314751466816,1.1803240051767696,1.99536737401305,-0.897117004058725,0,3,normal
0.1755866545664208,-0.45890129161039994,0.2749142829933999,-0.42742505419363913,1.8180531969466145,-0.4113632181354559,0.9870536374174198,1.0697107560945378,-0.39288242538242063,1.3859745705343038,0.004790034931670563,-0.4966609927278221,0,0,normal
-0.9101854672772434,0.3617622612528377,0.45054085549448725,-1.147302634226835,-0.08274802377069736,-1.4370006968083406,-1.9484433332446103,1.3900739697525981,-1.3351032281600663,-1.3619062281392424,0.2281551671803358,-0.8092985736125132,2,2,normal
-0.37234411346257135,-0.458512579271164,-0.4696589811658514,0.7421708892063301,0.6953021367125732,0.4765756070999656,1.4717389634272253,-0.9187377879402188,0.03677074559881398,1.5567917472553878,-0.13645342869235094,1.7525849571689447,0,2,normal
0.4464977991810106,-1.4214753090773748,-0.5093484512694263,0.3525743531774865,0.23365190224048332,0.27013932222485343,0.27430643688519424,-1.197091747904807,0.016602292010671364,0.39072203109349346,0.21188854402765045,1.268911668089226,0,3,normal
-0.5800363939504378,1.8862359612452513,1.2005163024977743,0.8478755749628629,-0.4595141849355224,0.4298417125716054,1.3995244167785934,0.9303175395404598,1.9862343381002068,-1.6976361307100503,-0.6871425179052112,-2.3599636946429765,0,0,attack
-0.10711692799297284,0.4448146464350379,-0.11396092771419035,1.0738399829840897,1.1493341092240863,-1.5746006533332628,-0.00789113153247952,0.03955722006308007,-1.9159237405214542,0.880408220454791,-0.5238425957614266,-1.9040298644224052,1,3,normal
-0.25540242446739736,0.3793738346756053,-0.1875613095812186,0.2784337197816573,0.30083889713770723,-0.9681130115959341,0.6239147621631014,-1.460469645917507,-0.8789210799175824,-1.4992663210876136,0.9412420602142482,2.6256990431719482,2,3,normal
-0.586091566271047,1.1795854427249441,-0.16267031915155278,-0.7140603066528991,-0.4781625352808938,-0.6947183766763325,-0.3742559466794155,-0.9216576642921853,-0.5630710521411105,-0.4813530136796755,1.164778974852035,0.7222844397445098,0,3,normal
1.4417762821364868,2.56432026907627,-2.285130403754447,-2.7008930478097914,0.5540053156864848,0.43023613441352077,-0.7271468119923654,-0.12390148267233363,-1.5864472622410617,-0.1392483154026348,-0.8907309646337811,2.6392993213192755,2,2,normal
-0.027396869595926063,0.6332885504551146,2.048106243927738,0.25991041053714514,-0.34075493564192044,0.08843428744796153,-0.9107217371027271,1.3066842327790986,-1.6447429466629941,-1.1446216028391452,1.2071032991010038,-1.1355932364179822,0,0,normal
-1.4003705219283267,-0.4232867485065657,-0.3324443759189748,0.4310582531791778,0.1208722403648921,0.419432601093532,1.22911160872991,-1.1159485599360965,0.6637104564447405,1.8551642848327332,0.5148789914816081,0.568316271568239,3,0,normal
0.0019759032280740677,-0.20171639829709526,-0.8986140786573257,-1.2507187396263166,0.960625933754609,0.14161116735562815,0.5929161178426299,-0.6774888575461946,0.31577499628438566,0.6818114987296566,0.055037800119448727,0.5992786365530635,1,2,normal
-1.6048369931613768,0.17059527214447257,-1.8150280264523533,-0.47249791865171203,0.33580722321579565,1.1003356153276602,1.2833999974170198,-0.17488044387149115,-0.44652601751454113,0.3465758023873132,1.1233579669044227,0.7387580731155188,3,3,normal
0.26136739186216285,-0.2984883091354781,-0.9054376792009693,-0.6010838112186655,0.2221011463695372,0.5327183012104277,-2.3051275045857347,0.30627019607061395,-0.20347675645991684,0.7026538367234468,-0.162204116935186,1.0099637665365766,0,1,normal
-0.4839994541625208,-0.6923498973010906,0.6933066836624023,-0.28667950387489,-0.5560283243349772,-2.314051280117782,-1.0461014554857375,2.28130300626718,0.15050952871376633,0.06400860304482667,-0.8961268858854634,0.013252838882318256,3,0,normal
-0.20312558512476453,0.6585180893135633,0.6089701165113102,-0.8995953590745787,-1.0388018550851388,-0.6296708247328382,0.8712083593966298,-0.647294371169485,0.3111007351350566,1.0487462784444532,-1.3045175962979694,-1.5607373374966123,2,0,normal
-1.0527752914217583,-0.6882311224337002,1.443336342159342,-0.8218828796779659,0.2898809566635648,0.5568183874326531,0.6600980086356981,-1.2809744429784957,0.04230877700898479,-0.9874280672225919,-1.3198333316886606,-1.425642063134069,2,2,normal
-0.6076951810629815,-0.3418856318547603,1.856798018104183,1.434128001905036,-2.0392057790798033,-0.4013681633578301,0.5691433382988741,0.9925508967984539,1.9790351101864898,0.08544670389606096,0.7457349384700768,0.4353355094191706,0,2,attack
0.9416973142605981,-0.872982230239193,-1.4204696040283105,1.6112221977051104,-1.254162860046466,0.10444110384918148,-0.8859944358562104,0.14375569904610203,-0.524192634709857,1.1063124259900092,-0.7529641736967269,-0.5728901381153219,3,2,normal
-0.2476293063763327,-0.9363344217594437,-0.8025383782518474,0.2599770864045383,0.57983461963471,1.6700551513643074,-0.8916410055322109,1.2134860245516208,0.5204587795537424,0.8040081752996701,0.822739566341342,0.4931020204916318,0,1,attack
0.5444133884536863,1.6829669878924476,-0.036562476772283914,0.11766279418706276,-0.11412445661716339,0.7889442807548476,1.6985856363967775,-1.7501256242562362,1.3591009852876355,0.6880998329116289,2.0934019020576558,0.046789227409119116,2,0,normal
-1.2237241201744316,1.1100367215090696,-0.16739747228660026,0.45354644720799736,0.7500987577713182,1.755633080237379,-0.6791817006090398,-2.324758425702497,1.0965431958792722,-0.47562323152482,-0.3097161990171155,-0.023471414493218035,3,2,normal
-0.9139818773366881,0.283101412467327,-0.02957732621465577,0.3053356129813252,-2.1824318595420915,-1.2439715703196406,2.6141676185421057,-1.4873344425981037,1.3201273379079714,1.0355101997767324,-0.5656539605406073,0.003283503393280287,1,0,normal
-0.21463726617333728,-1.9841032778323116,-2.189469567514638,0.8319139556690536,-0.5061099747291903,-0.8618783015396699,-0.9495651274407904,0.6071270145008647,0.10807518648157503,0.026878318755691133,-0.06938527399683947,-0.13864980250004547,3,3,normal
-1.138165902218642,0.21641670536847685,1.1659206641797422,-0.6966212928561959,0.061419081918722626,-0.19392072406352517,-0.09371198611555015,0.5864535311123704,-0.3373749049028773,-1.3957578599968312,0.8184060271108626,-1.366852083688386,1,0,normal
-0.7521218225249156,-0.29547235557659035,0.3512836426745167,-0.38829640569423424,0.4069974928731111,0.6080621606700765,-0.47477559510996675,-0.8806919196023463,-0.3549571954101036,-0.8240225904513933,-0.2368981905858028,2.150385406096607,0,1,normal
-0.13935165470764943,-1.031279329579719,1.077445147434004,0.6115427118886879,1.0330323611104306,-1.3881369398746854,-0.2842311678290374,-0.422793577539624,0.715612065874397,-1.502764397673069,1.036338245184208,-0.856783727759391,0,2,normal
1.7372158251093046,-0.34755106581093426,0.9268103872817458,0.5171908116829823,-0.7030588165784928,-1.2116360835163504,-0.022966860317892933,-0.008791440609556764,0.12383904561728291,-1.059611421922982,-0.9684900971794634,-1.6712083725481817,0,2,normal
-0.05397752724810954,1.1025246679621827,0.20382793814982952,-1.0086916487161848,-0.39269484396926485,0.41113695289832675,1.428143177030192,-1.2784643956643655,0.612831231734791,-0.16853600478540415,-0.5291331907609478,0.8971556976638122,2,2,normal
0.2672777772984868,-0.6670313573356671,-0.7521210789724492,2.1507021441556264,-0.8271478051116271,-0.4751957138475038,2.4852773212771684,-0.20953647340259804,0.4225159655638409,0.6196680785413937,0.42119130511902525,-0.11522650806877612,1,2,normal
2.0773039911796847,-0.9488596550851489,-2.0333907393234725,2.34373806713689,-0.6468913175928783,-1.0998642719488643,1.162058796502196,1.0828247347639992,0.5751386567134699,0.2283801654960476,-0.7587873736973426,0.8695236640488769,0,3,attack
0.39290923884860296,-1.0680176168440907,-0.363478401092155,-0.3470019076562845,-0.5466965391388305,-1.893881550299705,-1.8762140978282007,-0.12195047382684386,0.3063358471026839,-0.43593020543838673,1.0263230605701965,-1.8141249739813008,1,3,normal
-0.2402804566471246,0.6577419063965123,-0.2784330738502619,-1.2762762920601725,0.8101242746247048,0.1587367798140787,-0.25810768135109446,1.5333134737068124,-1.610032232311513,-0.7268642292404284,-0.3586816650230754,0.7833904439223276,3,2,normal
-0.828487685758737,-0.01687378757256884,-1.782645188897684,-0.045099059932523666,-0.8476668216497133,-1.4468306862698863,-0.11682330453134256,-0.8256090202874864,-0.5041432189124887,-0.33483072943498243,0.18052884845016648,-0.19105307361813667,2,1,normal
-1.0056707632311372,-0.30164664947339725,-1.5429769770620345,-1.0351939580303393,-0.6334719867122881,0.3785228107106082,1.3985556294243098,2.2530283211218887,-0.20875962105409218,-1.9196075670227555,-0.5812707131760194,1.4311192975814264,3,2,normal
0.7941560572342518,0.3325717990762515,0.0013197709625981506,0.5320272575827342,-1.5034484179284426,-1.3398719749708514,0.11763376240374794,-0.7406570301382139,-0.5238298948572425,0.13363748618582702,-0.983504696548148,0.39873630931120596,2,0,normal
-0.25453644327258407,0.17419298567855687,0.5433569935581396,-0.20509622341418263,0.1677454907147805,-0.6413174750667798,-1.2733535963880973,-0.7373110798842645,0.2888309759772887,-0.473136947283636,0.30061540798586606,2.3486319724976625,3,2,normal
-0.31660443250087816,0.34417140649505734,-0.26138779162862213,0.7230879238049348,-0.0362301164543122,-0.8122133484007968,-0.016374199857765698,0.05481815110060635,-0.14409310263511704,-0.081051319405982,-0.16748680955549414,0.340342055010045,0,3,normal
-0.6506069241656111,0.6172892210510001,0.21386258518673149,-0.9421950722224771,-1.11182248043623,0.30641275626069675,0.0246328600727577,0.6362248547129943,-0.14233340616059745,-0.14165759998734043,-1.5668807871870676,-1.1961413039709254,0,1,normal
0.3227795278287891,-0.3735378241755617,-0.242755311560602,0.4532972652625686,-1.0820797512772469,-0.9327627611787715,-1.3624242525698957,0.07875068568930642,-0.2058395500211433,-1.8499923122956696,2.217675954279921,0.5797548218125114,2,2,normal
0.9597186133962937,0.12327943538347545,1.0320333856502082,-1.002389335253921,-1.367531483400564,-0.43064483645761786,-0.778637883107494,0.17574342101314602,0.7661522269597612,-0.5131240002023998,-0.08663037355605781,-0.46288321576736446,1,3,normal
-0.10924974776611562,0.9774843842265971,0.5359604611632699,0.8695759434131222,2.262301180825665,0.15546018923580407,0.3268858247171682,0.4184127057665432,-0.4127060211750581,0.32063603853059014,-1.3730583240844008,-1.2719709542183213,0,0,normal
-0.008277276653184187,-0.049812085663862735,-0.16486509617597972,0.5834289836930587,0.5149001417856595,0.6800784211372328,-0.0239249606762404,-0.5479948839189839,-0.014506704862878332,-1.6812735427995273,-0.6525936190075649,-0.40783286134013774,1,1,normal
-1.3628203524131275,-0.8997441512800329,-0.803067676260182,-1.6039244730324067,0.2440822322023138,-0.49861302826042936,1.024654086852318,-0.8295227396120399,1.1129696632945658,-0.7251101514758176,-0.22603297037549677,-1.4682496628278614,3,0,normal
-1.9722558041545302,0.7186914267141238,-0.5243913763407495,-0.8215856732772181,0.2624886836714424,-1.634928733180724,0.36860753228702214,0.07397881938395834,0.09366389636011666,-1.125579135796406,-1.478769905524899,0.2781502682956022,2,2,normal
0.8297777592892144,0.5046740749698451,0.7870467007430959,0.07417832515533532,-0.6330834693106245,1.0693744228482218,0.48616670755421565,1.2330081900067258,-0.7029735681234432,0.0885798370339631,0.9179045848124765,-0.97333895085272,2,1,attack
0.5821509733748819,-0.18597738651029447,-1.374983076136153,-1.920583250768316,0.5035326950709985,-1.3774399974143936,0.8371487419627867,0.06439134462168417,-0.46629745394299915,0.6827275317556389,0.47412501701160675,-0.20137943642759348,0,3,normal
-0.898915973200503,-1.725416312155622,0.1289749538191023,-0.9031005307427269,-1.4101753883988988,0.010052268913036485,-1.1270688638869437,1.613448341931069,-2.4628385872251597,0.7698372501669135,-0.7271362961492462,-2.390252676736652,1,1,normal
0.8691473117877971,-1.146424600287358,2.4706913088296387,-1.617729189677175,-0.6062678235208393,0.967382224747651,-0.835938195012212,2.546766530614062,0.3399210616378518,-1.437103865581236,-0.0069313874987093895,-1.173551011504234,3,2,normal
1.1172936015589343,1.1584581574665942,0.5777338519644898,-1.1619501692836725,-0.09583559370573615,1.3769184455533998,-0.7336822517586526,-1.2880046971739363,-1.0948174323894195,0.9983065311278733,1.1560860410411764,-1.4915537095050695,0,1,normal
-1.1699908996289858,-1.4688905342351883,0.6396969091683925,-0.8334384933433842,0.5881089165424792,0.6027123485379686,-0.2688074303375397,1.6345357803730245,-0.6871309611094657,0.9181606941654619,-0.6487595193057414,-0.6108710000692656,2,0,normal
-0.8041047538908308,1.188567380959539,0.7667862911099537,0.6419060975500837,0.46816668700017333,-0.262077547171386,1.1677931163693862,0.826271985303991,0.1506940823467085,2.857672936118577,0.21614432252977175,-1.0908579697412262,2,3,attack
-0.6752212927557811,0.9111596059531029,1.392238201853566,1.7296738199657995,1.145851990268647,-0.6271292456455347,0.02941011268043255,1.4819128237626074,-0.19612755973335183,1.1585225832965558,1.5849844386415939,1.1014513212353074,1,1,attack
1.5240546366165453,0.2744853680800582,0.8866610952544953,-2.4764701722491713,1.0380765209200427,1.2281556055138356,-0.19816305688943012,1.1048819947432609,1.395640129703719,0.32326697990371034,0.3929560339745791,-0.6035324584627976,2,2,normal
-0.10810685381693068,-0.3668249896088766,-0.20169647432730228,-0.9470512328925998,0.9943578360814641,0.5136893391789902,-0.7757275403363391,0.01177817706931123,0.34642436358830353,0.36674245187520516,-0.5087699911226115,-0.1109438891508919,1,3,normal
0.35166179807848263,-0.3429290145125593,-0.8140354272377236,-0.5085372192789792,0.7317620982008509,-0.0404208754736695,0.2165125120025597,0.617693329118827,-0.08559377149235263,0.2916303759626496,-0.9044592274639633,-1.599549561714751,1,1,normal
1.0279930438655094,-1.3255254750353267,-1.0605639993126532,-0.02456348439904968,0.720435922453335,-0.3736368849352771,-0.26495368570588895,-0.13119182331397702,-0.9909314165835177,1.0881157717115284,1.6568253095523755,0.11524410678035275,3,2,normal
-0.1518822130003277,0.3861867757963706,0.14563368547648492,-0.6333992446955284,-0.11020357570971868,0.2269785872413223,0.5985446072988165,-1.739549061721995,-0.6421613427485793,-0.10758106591545809,-0.6774552810697203,0.8317807933922629,2,2,normal
0.2558093920676843,-1.3296895952896686,0.9442091724744318,-1.1322285477127227,0.09157009555609742,0.14160185051806656,0.5410512214038898,-0.5930548013590496,-0.6250715057421884,0.2459906928219665,-0.8510361562890304,-0.756909822742499,1,3,normal
0.5042713111792745,-2.1000050737789118,1.0722101640742125,-1.0795404219241576,0.8416380562999082,-0.3293778831309353,-0.5511616945409653,-1.636315706422978,0.7501622287303445,-1.779663531578733,-1.017467566576986,-0.7508024153810956,2,2,normal
-2.408024718826067,0.5994276190725359,1.0067876245188891,0.19492065466004171,-0.681815994470996,1.5938907991252675,0.06657584001736551,0.13199549193255658,0.20540320938470996,-0.5595985518466796,0.03483563649890339,-1.9529402924231338,3,2,normal
0.029079487180497902,-1.2186691219565335,1.0643570804519438,0.025525522543022934,0.4303295391319463,-0.6378238329573166,0.7703557506968075,-0.0357175326775899,-0.22189581072985387,0.36750802467370136,-0.8469309766711779,1.7552072090213728,2,0,normal
-1.286374418721265,0.007843025915884533,0.6191043671117622,1.378843878397374,-1.2435200542713962,-1.667278070659285,-0.6308119579438537,0.9701072701646889,-0.4296353772624243,0.041668951395618,-0.31447374485709206,-0.016612394097191244,2,0,normal
-0.4132730320467525,0.7049478040294427,-0.8002176103984575,2.1110662338163872,-1.1246588051325792,-0.08463702548253238,0.13067246870906937,-0.2909157041276371,-0.7466813758927323,1.557899207620166,-1.1604359007634737,-3.021952490987609,1,3,normal
1.2650963505008161,-0.4021145117785556,0.7806000327651904,1.1444353347817993,1.178845827236987,-0.4546985644314622,-1.3788353175999297,-0.06563951052027997,0.9673127908450567,1.4537336003379326,-2.100203564767633,0.7259217955796404,0,1,normal
1.8775825473822427,2.1191495563145657,2.0631767590128365,-0.5504113700495004,-1.0362364184911868,0.01091525779630569,0.3373032192919307,-0.3446866300338244,-0.45693639439150063,0.575810115193747,-0.09538928834147861,0.19688340798725784,0,1,attack
1.5386724708023585,0.5998680895978511,-0.9857824980517795,2.23966144251803,0.28122630765245377,1.2135811991095715,-0.5129631608675549,-1.2446759871373263,1.112558069147864,-0.7628375931104757,-0.29229166060553297,-0.4687880379171307,0,3,normal
0.6963999655588131,0.4222476003157065,-0.6083028633089532,-0.9188311013731102,-0.8564582097623392,2.6147119893252175,0.8025747906095564,-0.6561643316079311,0.05630575890485608,-0.203426226708991,-0.10004137781356967,0.3718222438186093,2,3,normal
-0.2664853553643044,-1.3791936895530572,0.1051678040462508,1.9720479562227615,0.9994823854601792,0.8798980815898135,0.31563628089675394,0.15151766699642547,0.036210450509085286,0.8197983144802508,0.46364874883890067,-0.2364862653689897,1,2,attack
-0.3525633234367048,-0.23441852294136628,-0.08816992358131269,0.5130090270165489,-0.8584304559930473,1.0878577521575707,1.3679301980218512,0.19314820009272518,1.9490696352514474,-0.9332787901238229,-2.2881585685857386,-0.6741204814698772,2,0,normal
-0.1274613043300394,-1.6304147827545383,1.2579283318208818,-1.153536322333174,-2.474536834102524,1.6616074443543247,-1.0768897718318808,-0.07049555900926749,0.4288828033405465,-1.6526192043464378,-0.3105675757904154,-2.2175930917173887,3,2,normal
-0.244954169069615,0.07184043382698037,-0.6463380140772426,0.02683343121461886,-1.2384872238498077,-1.644700703879048,0.34332066049692145,0.4903413686485377,0.04304552069702642,-0.963453395757899,-0.9850866194566272,0.034475197866194005,2,2,normal
-0.04295347753219358,-1.0254934548832666,-1.6174412376731437,0.3433255507662092,1.2976960064167402,1.358169599028472,-0.22280474413854004,-1.0524566619170148,-0.2519707060497977,-2.2397961840951766,-0.2584286330232746,-1.011196231841584,1,2,normal
-0.8395058778471964,-1.2899462062032196,0.9282234289114506,-1.9918785766058094,-0.16830557152323417,-1.182435717993058,-0.9608086810812868,0.40866639023038265,0.006701224863632708,-0.8014227128690411,0.6909479772371027,-0.35130367600418283,1,2,normal
0.1028487313151912,-0.031745663407626204,-0.5953395354174496,-0.07075818265692642,-0.2267941316996948,0.006784178092502178,-0.7664012753075238,0.983350610753082,0.626331996071348,-0.44310685036734754,0.889142512653769,-0.4392221882777802,2,3,normal
-0.8445633719623074,0.034110867549177935,-0.24845911740969814,-0.7743009987234928,0.012710440885232644,-0.16246356984042384,-1.1090597814986571,-0.6218775510998046,1.8181176612793954,-0.2320573842346384,0.11518193512843428,-1.2673369368111662,0,2,normal
1.043785815805127,-0.4960929431628356,-0.8958238176882038,-0.7175930790543902,0.7408152982960753,-0.6803102976681203,-1.5715754519055116,0.9466310106320877,-0.4084867960694833,-2.1789501829041256,0.4367358091360824,-0.27283098528718386,0,1,normal
-0.6440358770226703,-1.3785208152782364,0.5717481982447075,0.6087038353364835,-0.615268025752051,0.36463106830347564,1.153439584023228,0.9826675835553279,0.3534780167486923,-1.2187236873679332,0.09822833786599336,-0.6457092429676393,2,1,normal
0.7561163474739115,1.1560459558789455,-0.1580011322578191,1.1922472736974292,2.02716540671349,0.0832520328402114,0.24098089844465875,-0.28818319642041107,1.0144154508422787,-0.5514350591421059,-1.4385825418381095,1.5084872608907136,1,0,attack
-0.6466293668192891,1.303927660543996,0.40239378659864394,0.340209282695546,1.605473295689313,-0.2657484213175807,1.3607350960154712,1.8582018082513325,-0.9400904543734497,2.5450123953830515,0.5251398371894751,1.2931553865448906,3,3,attack
-1.3074402917769279,-0.9376633885937203,0.456324854204799,-1.798791447346638,-0.7851414856681622,-0.42818550197823696,3.2474903200561522,-0.1600723545707646,-0.8270402164898326,-1.8130085066151267,-0.6591528301489309,-0.5143115683325878,1,2,normal
-1.7677007878313316,0.8733947246302889,0.8153968816296113,-0.569795384292194,-0.07658120887317071,2.8170263129010955,-1.3113444451109624,1.7676112267494233,-0.44899175764147214,-0.8883380743943756,-1.9648731661386027,0.8495029248641296,3,2,normal
-1.0173409320836257,-0.040245132030742765,-0.039101779363914554,-1.091912625006531,-0.87757086596521,-1.7278120101271066,2.068874098945298,-0.7741895394550764,0.5346206093825372,0.1198612341316571,0.3026887718431622,1.7913152908921155,0,0,normal
-1.2816403651700168,-0.8372770034872237,-1.2119816886034935,1.6446258974755994,-1.111179638442356,-0.3173225673546852,1.4727781535827074,-0.8091391746434882,0.08326454461323934,-0.2645679278653001,-1.8222965523730852,0.6321398301259931,0,1,normal
0.10826190822106378,-1.192241890317444,-0.11163158121516505,-1.0001353490911604,0.8951664417334607,0.6231324826450183,-0.8775096748836609,-2.5709404313888884,0.1761516864412462,1.0294099609654983,0.2739005251013322,0.8443969663018124,0,0,normal
0.07156611326577486,-0.7404936224803766,-0.6078367153599258,0.07692063259975256,1.1645741199959905,0.44763423401394226,0.20193656097177398,1.1789387632637887,0.054615996769683865,0.5447495391952915,1.4351093728390107,-0.6647481617149981,2,2,normal
-0.718722993039425,0.8608778372597837,-0.4908654877283824,-1.2977277428343776,-0.11975421160582049,1.5624662764333062,-1.1027162945691869,-0.9560647580483199,0.2633349360718236,0.24842308389527806,-0.4009319761592683,0.047404294320278165,1,2,normal
-0.9831269464222367,1.9166907747311868,0.2585241003075181,-1.203454465468639,1.8874324302037213,1.1794785674397823,0.031534174302590985,0.6582983242963618,0.9570791795670932,-0.44838482920743095,-0.026398191229274313,0.8840187593875316,1,1,attack
-0.8482189310156655,-0.867168600346029,-1.0126996006638849,0.057830666537548675,-0.878342290442299,-0.046838703661637705,-0.06007825851386789,0.8147591544145276,-2.2816172206651344,1.3204831804510084,1.6711217043717201,0.6852176328049009,0,0,normal
-2.0447942280535614,0.35812744831497534,0.08759978153835266,-2.378969519304332,-1.02232917675811,0.18092515295767075,-2.7152087656786086,0.8176921343231958,-0.35366454804800196,1.599512160315627,0.3355032409133602,-0.8474948556238753,3,2,normal
0.5594186400136508,-1.1488647460230241,-1.1053408458200957,1.3632999595195858,0.49213623632976133,-0.21325657669090411,-0.4584960815449874,1.3160578427353278,-0.9187270058486712,0.28614740893066315,0.3497236161239878,2.4846479035163695,3,2,attack
-0.43999869033936206,2.0834848413745664,1.5753457062327898,-0.8112725654861562,-0.38857618497670204,0.007488311494469263,-0.34375915904168836,-0.30045101942199437,0.4569695394591562,-1.9632356574702243,-1.6057395164580757,0.9447169269852284,2,2,normal
1.8705654034681791,-1.1417148174097538,-0.4118568429987431,-0.34375337542202955,-1.1465339526498726,1.1355826668101436,2.18725053215367,-0.48661526404968974,0.2621988199032126,-0.3115009179010628,0.19845695622558732,-1.9214871721740714,3,2,normal
1.599014426751149,0.18949201850835887,0.3597150805709319,0.05645348376277374,1.8865596547078751,-1.0129844389083138,-1.1416477321945973,-1.0430142559273026,0.7291527111750039,1.5155187107734978,1.563186020723722,1.302047847744346,1,1,attack
-2.143931514781228,1.3654217555838162,1.179990382860337,0.28470537791302236,-0.8562426337434322,-1.2428383373892198,0.5010995771003356,-0.03583340759769543,-1.4693308501132452,0.38050011920077487,1.0133608155142202,-1.3220250450333677,0,0,normal
-0.3880274392197219,-1.1890569946514296,0.39009960996349785,-0.5258708552150309,-0.1205528206385199,-0.42150121139633423,0.6395868784478882,0.8376158776647795,1.1545361062486474,-0.25681241735618043,-0.027027002936649766,-0.2273494102441683,3,3,normal
-0.18104517414956184,-0.007427220779955265,-1.3969592733578626,-1.292811231477263,0.17730829190660546,-2.280656570359814,-1.0184374057774992,0.5132872865703252,0.07001597462605655,0.5945409019747012,-0.5499330223244474,0.20256655850340813,3,2,normal
-0.8863414271363494,0.5238848757799586,0.4055669550719025,-0.6237434405863426,-1.4661734722034119,-1.1837020358864958,0.17658352493790308,0.21731932620245656,-0.22021146618297874,-0.564873796529495,-0.564975088786504,-0.95255058063353,3,0,normal
-1.8628213215112435,0.9302959753085613,0.5657861721281984,0.7991530844365815,-1.0303510391610535,1.6401991571170396,0.0628972949932585,0.5240395387202419,-0.8980258521251197,-0.8442676194472971,0.2876701358478639,0.043573225117346764,2,3,normal
-0.38097771060839886,0.6546562816468452,-1.4106923142262389,-0.48051574996240387,0.9730328468281539,0.3805651172454421,1.0842505155399376,-0.40679954492629145,0.6174926668476879,0.8101882268562769,-0.7514317742651162,0.07229035931855105,2,1,normal
0.8717218155345384,0.9172265434266792,0.8402674066618694,-2.3833368198144975,0.23085308358071005,0.7975691623564279,-1.4995112742848697,0.1311185557721484,0.5356477067399763,1.0483437695161897,-0.17029027531328209,-0.05198882816571592,2,1,normal
0.70220085025965,-0.30115347414744237,0.9215918789217538,0.41136150010023953,0.36328948813931394,-0.5017331383510049,0.09639579946341001,-0.1797178160623787,1.1301272220264436,-0.7931083727225388,-1.2130808866778982,-0.8130348613973595,1,1,normal
1.3500625633415488,0.5498682958848331,0.6299198923018615,-0.4730563310225805,0.7954091006345698,0.350232250817624,-1.4111777713927114,-0.4162173380010002,0.3184203825592364,0.46464336603182577,-0.9871888632969716,-1.5235683255441745,3,3,normal
0.30503408597230575,1.3397317175075976,-0.36153829769381707,0.5089233541071448,1.336663536157974,-0.7967929497798885,-0.2563268315325111,0.6707177917813598,0.46317807207721906,-0.2852915879290742,0.10240815168933841,0.0662443158185903,0,1,attack
-1.7410838351510776,-0.637964771168454,1.6402503293605797,0.2552363088327103,-0.6599931714672919,-0.4441313210336593,0.7721750563484195,0.4434764471404685,-0.08409390807216628,0.5851899070125619,-0.23745391906715863,0.9934679232490321,1,0,normal
0.8403883797495343,-0.19410193541635343,1.4916047370140544,-0.8998531010523103,0.9067508131943723,1.5420577055288984,-0.4410593878662026,-0.8984428476644218,-1.4162029767589952,-1.1105237367946503,-0.49055119397573793,-0.9826440740506139,2,3,normal
-0.6431564735913683,1.4960933273271768,-0.8244545046552008,0.20777643253325967,0.9234335683146726,-0.22174723361369805,-0.5483663045232207,0.8337863616223095,1.260316920927731,-0.6993191321230671,-0.8487175714203845,2.004043791058376,2,0,attack
0.17582169713171247,1.7415420449781458,-0.4849542996183612,0.1264132516034786,-0.9497390238669217,-0.9277346353721473,-0.2471355065410503,-1.0289378900574284,1.1007463762167295,1.8989133091980763,-0.022340347357034995,-0.10237947670465507,3,2,normal
0.5334599750354887,-0.9635074877597567,-0.6934609579877162,0.9428506089545583,-1.0930660437143385,1.5129854074032691,0.3503695374397658,-1.636436213540649,1.6446537695306744,0.3450607926190356,-1.3270984617510535,-0.674086219468848,3,0,normal
-0.6327199071365395,-3.1466784107938337,1.6517241798824536,-0.28463255477758304,1.2900745986590092,-0.4693875070399385,-0.20173980960194396,-0.34270923226293803,0.09224864772685974,0.9244490041029799,-0.6565754376926434,-0.3070422812806367,1,2,normal
-1.9021717590337746,-2.0001842189945265,1.188950308460755,-0.27949093537529807,-1.8163001575161624,0.4830014253193319,0.36896982686488805,0.023878291307328978,-0.6699628800775325,-0.6841286624379288,-0.34210662132726183,2.960382431389435,0,0,normal
-0.6555379792293387,-0.8314137615744189,0.8110552343410338,1.3704543593760292,0.3610217425337379,-0.4714669814331792,-0.1949055908044389,-0.5937352268540748,-0.8304914897917116,0.5448287876144124,1.060988551432057,-0.256983783383793,2,0,normal
0.7690764092436606,0.5490723208118432,-0.12856209776247493,1.2800469201928488,1.0138990666925154,-0.962160595124036,0.9455581700126265,0.34802372955727634,0.6311298687607486,-1.5775488696539761,-1.2920539910947508,-0.7552998091484366,1,3,normal
0.8468342082315266,0.938465920025823,-1.47189416200325,0.8798928004932912,0.6683560160051977,-0.11738546728989709,2.8053999601370037,-1.2594816547192549,-0.856649204889467,-0.41106122685596513,0.3689045657897301,-1.7601650184076658,1,1,normal
-1.2445332209965803,0.2672200499891995,-1.583725745508894,-0.3756395592656788,1.0938246760363406,-1.4361819054339129,-1.1954676514630789,0.4640487180251927,1.3532133143960408,1.212858879024429,-0.9310978298111828,1.3867940713657962,1,2,normal
0.7925853768607951,-0.6048930734799699,-0.07494622159901182,0.26533572867516825,-0.8934769104807472,0.5832484850414072,-0.20593894629812484,0.6628910926572609,0.529152778369503,-0.09683467913893194,0.1105755688363355,1.3885270390706832,0,2,attack
0.40648798117255563,-0.2326478147349499,0.6741675673754723,-0.7435707539251044,0.5773787168028826,1.308486242269754,1.6150914815856343,-0.043739545709213686,0.37812531738300315,0.8166627570568502,-2.3384418662284254,-1.9035877914267407,2,2,normal
-0.4999175067940557,-0.25397600163866035,1.5649399807977908,1.8941852642668422,0.18239693640792465,0.08361816945522733,-0.4567134934661559,0.19154405443994563,-0.9428610319393674,-0.13702140815140823,0.3875912871364154,-0.9634075965910052,3,2,normal
-0.26265364180944206,-0.542855085791075,-0.01108765890679057,0.3292299034347795,0.8166110665521497,0.6666966950665412,-0.7102910045561234,0.19073833760720754,0.35337151827812857,0.39136715628885244,0.4974056089871665,-0.4232922560390955,2,1,normal
0.07348026390242196,-1.758813089016788,0.6023437016267342,0.47535425346595717,0.10557033359197218,1.0450865444271087,-0.4138312236413456,-0.08898480222026059,1.2478646294163145,1.1856316934041864,0.6759146526061691,-0.2185531976234874,1,3,normal
1.3380127763018872,0.8221999937325534,-1.3438681294014174,-2.2200753087962695,0.09908157300753864,2.015828874655135,0.8250100886508609,-2.5098288318306867,-0.8087846253121588,-0.3103175306606544,-1.3461494659321531,1.633662776195401,0,3,normal
0.18265715651812614,0.08814654323695871,0.8714142394011926,0.2692194341393991,-1.0463714860409,-0.37590958384283246,0.1355079418842618,0.3295050753372861,-0.666570752269438,1.3194155657858748,2.318748355477097,0.07462357586245899,3,1,normal
0.101198527199252,0.13165126010247255,0.6494944118675156,0.34415575168915785,-2.5737626366568245,2.261655308062755,0.3982514938337007,-2.9697663918773425,-1.6765808219731768,-1.8380903749688164,2.075059898292886,-0.7899683164713724,2,1,normal
-0.19637684031601624,0.5349866033771505,-1.1529503579947373,0.10348949327927329,-0.7664700973409005,0.05694417245747094,-0.04997890768257768,1.099208404482094,-1.2776396068023168,0.9850629458985012,0.529552268370578,0.8850343860397825,3,2,normal
-0.36714691857237747,-0.5615134413888214,0.0002195222515342151,-0.4241591840908555,0.6261302931111448,-1.1780676609634328,0.8052169653210094,0.27958754856873536,-1.4923293668378297,0.7908483209006704,1.1051216556187717,0.021759983364010173,2,1,normal
-1.1236273456104986,-1.4509389749139874,-0.39687393928658865,0.18286035761601344,-0.020836778047192413,-0.13003175466102507,-1.3740756350163272,-0.5684982652602821,-0.8291641047106928,-1.0891608716353796,-0.6553879541144056,2.476480379180891,0,3,normal
-1.8900634081530907,0.07236485932469293,0.028688981870316824,-1.3271713921847348,1.6061424360920076,-0.4098625630124666,-0.6937601067063704,-0.4655892868295675,0.09538135579227949,-0.17492789723321456,-1.5794926551414377,0.8720081793960244,0,1,normal
-0.01605913788097791,1.3622397624237694,1.2539419671500533,-0.7312136967274053,-1.0452366690482082,1.0248000513416566,-0.5408231240335915,-0.8405349594317356,-0.852121910231259,-0.5962357043887797,-1.402425357453973,-0.9112740962356409,3,2,normal
0.4598177956630929,1.3118305698117103,-0.9525604874467528,0.726642085356886,0.4261458211198265,-0.27818230137338357,1.5487381609499062,1.5815304443435803,0.6413516044372515,-1.3836461438751615,-1.0884145409684982,1.3681969966002292,2,3,attack
-0.07709624970303443,0.45338910355794304,2.0033889200605826,1.0446144942698061,0.25623863814519615,1.288710576516565,1.0091051270625722,0.052941463239337155,-1.3105091499923853,1.74502868088043,-1.0389877060942911,-0.09778464364952706,0,3,attack
0.809138177271655,1.074233666417279,1.2473318112554783,-0.6401376597891183,-0.13783461384647105,-0.012000271035809232,-1.7102466183626321,-0.9598598293571282,-1.2123779217874175,-0.7257237428912058,0.10928306218055327,-0.4634357579302337,1,0,normal
-0.35262317360393847,-1.0450709836682333,-0.6534046964689727,-0.9035017309601793,0.05771909312513647,0.9305791583006152,-1.0923161402896198,-0.7368331135281734,-0.1778734698265492,-0.8400155792683156,0.3429609724880087,1.4936023605708793,3,2,normal
0.03204768265117179,1.017971601039066,1.9595007042232149,1.4360554130839338,-1.2406688893935374,0.21730606759811905,0.27470889975100204,-0.1931622266933404,0.2028103386941191,-0.33982348713944777,-1.5376068598676444,-1.6528383498042154,1,1,normal
-2.0597467778473795,0.4843958430835819,-1.1731612329214858,0.9008403653910236,-0.5602204614836287,0.30178115764885616,2.1684197049148164,-1.2813342237668128,0.4904304425707904,-0.18709715393384854,-0.025738087337842407,-0.04769395702985467,1,3,normal
0.7300143095931905,0.09808947117618949,0.7540014870559623,-1.269856089027463,1.207938034155161,-0.08236446209572754,-1.2004445574141358,0.19627480507857348,1.0999590279975222,0.43167425351788025,0.2927060375165671,0.5828686322810764,3,3,normal
0.9461909973405895,-0.6163359193180479,0.6571419437625055,-0.6272340004943744,1.1917123943317778,-0.6672738580356572,1.426181477496566,-0.13566422937783643,-0.26823014604147716,-0.6906617525475406,-1.612413084040886,-1.1916083659481673,1,1,normal
1.3818573328132444,-0.7572726115496878,0.21576987784236776,-0.4145110531884384,-1.1206375591221438,-1.8813597505515918,0.13249711528171537,0.5164930819132573,-1.1559194899929852,-1.9435730878090922,2.338456231019014,-0.6409221213979068,1,2,normal
-1.100832075653144,-0.5337319471411737,0.16617772181692647,0.8046255646743992,1.9661981950276262,0.26960120091313233,-0.9978011028381343,0.20503818534574575,1.2783371542256434,-0.5148497673412279,0.8882367195235462,-1.3135488991389703,3,0,normal
0.5169706932292278,0.46891626898411304,1.4856403301096919,-0.474973256674257,0.2529741956341168,1.7872324812051474,1.1186644617854973,-0.39420642909271997,-0.631819352061955,-0.21135503731472752,-0.17823143478288928,-0.5240235397332007,0,1,normal
0.9964126731154843,0.19298784817942166,1.8300574499414293,-0.6137392572953375,1.044338886016736,0.7337765566679972,0.3493405652109147,-0.03117596395575018,1.3494615881063365,-1.472905358941182,-1.2984603893741224,0.3581014435594735,0,0,normal
3.1450398560089687,1.1696593101456785,-0.9851388175059476,1.8856764164859692,0.7484056001594295,-0.8130995823345801,-1.5155914643283204,0.05500541885025691,-0.3400334348154142,0.8620212752430944,-1.0916228154587435,0.5466797704435468,1,0,attack
1.093949445290275,-0.5515544744212043,-1.0812538496908919,1.283832715586431,-0.6986113244887633,0.8276885563957679,2.0271242341443507,0.19630054524465446,0.8674669778011012,0.5372066695640568,0.15363201557406084,0.9952610387875233,0,2,attack
1.9095464516238154,0.4596770354445726,1.0159518247461874,-0.18868597787547525,0.1694809849055386,0.6510752241590982,0.2977970181904307,0.3107779668658423,-0.7824295329020444,0.6735697126558642,0.5984764954591059,1.3862075895138386,2,1,attack
-0.56107524550797,-0.4796759967966586,0.5394678475990664,0.1124566263648275,0.17342157731603927,0.14382169921215976,-0.969511522087488,-0.07465524545063408,-0.8235797165957127,0.36740583118828235,-0.7234840175604805,0.8815351932110139,0,3,normal
-0.9293064582301945,0.9298014656441221,-0.15553602448137607,0.15936165905278096,-0.8513345049555332,-0.4624197963669352,-2.1580957670444807,0.26940089056459615,0.7657265326535609,-0.254571563310078,-1.8756179466664484,-0.7176599299588717,1,1,normal
1.315495290933721,0.8007392582675812,-0.30877767955310864,-1.5251711582698666,1.2724158916193231,0.7337201248523519,-1.2795895573171967,0.22563124428123826,0.530031244623632,0.9929895325631404,-0.1325949415152347,-0.03705992794227242,1,2,attack
1.6342377801127073,0.9355802389207264,-1.4943872932022102,-0.23923903362855575,0.6033397467278635,-0.47201285795580694,-0.8980411595944392,-0.5101546431474273,-0.4593554501116876,-0.262398215184575,-0.6161719709699316,-2.0124533331308414,3,2,normal
1.4102846589417763,0.00567083866434187,0.19514058647814722,-0.4189083453084511,-2.1171785912220695,-0.23767307632404647,-0.1230538215956242,0.334605168791491,1.2406308901749719,-0.2075353371610014,1.7532660628194636,-0.7222372322320334,3,3,normal
0.5081294254569857,-2.3204970075071465,1.7092994005906188,0.044658523433551624,-0.8339577647055174,-0.26360877463058885,-0.0660222766176945,2.4034687240410877,0.1567244627771058,-0.4016345321593354,1.2671913372956904,-0.33102733323097144,1,2,normal
-0.2640254977800848,0.8708684811377526,-0.2836906522638458,0.03677135089649911,0.6206053805052958,-0.7685054511263402,0.6639464533644451,0.37294275941120814,-0.3699987058684632,-0.22751911591883742,0.03565674591943127,-1.0853581511025305,1,1,normal
-0.6105071129869494,0.36338486467562314,0.7244305367593253,-0.8592791571619157,0.4771551474253491,-0.1749345315687952,-0.8139673506822246,0.3516394506191688,-0.825704236423356,2.2237162934976347,-0.2319806073886582,0.10575834795995716,0,0,attack
-1.313579935180987,-0.3513468363554105,0.2138226191021365,1.642083392474999,-0.3110141547696945,1.2861122145866732,-1.598355200023254,-0.26883401382711364,0.3957881092437743,0.03610153731464571,-0.1344836480831759,0.6853879561490288,3,1,normal
-1.9202949644060527,-0.9076142778195054,2.066439927424248,1.5968787090053125,0.7018006116564098,-1.6097086642529799,0.7757995968915288,-1.56458313083957,0.7145266839665879,0.08209171387345983,-0.9233745006789754,1.7203312621049747,0,2,normal
0.3942755971248021,0.5571089395188575,0.09713430157902554,-1.0233423674616118,-0.9071878154954526,0.25084431272059937,0.677479782389598,1.2678649593565148,0.9941647161873199,-0.11480872263783538,-1.645399845291938,0.2741140443848634,3,2,attack
-0.4311096699142053,-0.4540975090066883,0.5926794513497123,0.40066170001278156,1.241733286075675,0.09342768706696297,0.7577571864908373,1.8329149125942272,1.6751208117513194,-0.5004569352456253,-0.18277546929992367,-1.245238719359741,1,2,normal
-0.2369255216085067,-2.002935994099145,-1.8789524107830393,0.18928510491677178,0.7878204722438331,1.098161824771788,-0.28830928398415623,-0.013726982686244366,0.8197434779507728,1.8538915168939456,-1.2143236899193703,-1.4742695817340465,3,1,normal
-0.430388723137961,-2.141237764562133,-0.20277267041266936,0.17184229863005318,-0.3827923751530598,-0.592865931052617,-0.5669166640197497,-0.00022428204136688173,0.37888706568005603,-0.4799591985581519,-0.16628630448220658,0.14296934341048856,1,2,normal
0.9697547210503055,-0.3576052727495542,-0.08168007437710706,2.4091198015490933,-0.6279300496539523,-0.8897380470569226,0.29178864484719336,1.5304059443955171,-0.4116643969419101,0.887560113497491,-0.03991237551873101,0.47108888029023765,2,3,normal
-1.970636345035761,0.6565710750676085,1.843392685657856,0.7666953182839735,-0.4575991100243143,1.1776982613432008,-0.6102146760076758,-0.4076453882265516,0.4324345521331558,0.54893193391376,-0.09135034588008734,1.6034398969198504,1,0,normal
0.38476451998602496,-1.4841197213655817,1.7192810501945113,0.7852904567581668,-0.5880905133626557,-1.4932863535755068,0.48767227134123464,0.986417568087211,1.540541778637523,0.9166920836511586,-0.8104547397411652,-0.9813594880118238,1,2,normal
0.4995696199088303,1.241436809684894,-0.11876556779984873,0.5486622185747125,1.9834621644497914,-0.7654691041971826,-0.09551989541060374,2.411864352099966,0.4577148179654343,0.3108928061929677,-0.22219958600292977,-1.0684103050540945,0,0,attack
-1.506204244908243,-1.0312550420883417,0.36636538132970214,0.8506909953295931,-0.7162455905289701,0.22751896999052806,0.13785254670820052,-0.9034708390484436,-0.39955021625774795,0.8916273793457625,-0.11661209053616045,-0.7959926840318181,2,0,normal
0.625491735378003,-0.33705988933243525,-0.5174884798615459,-0.09187542911865973,0.2967688366101445,-1.067254503034538,1.3923085077539836,-0.0878875160481502,-0.7164500524437394,0.290225650696624,2.11393009570945,-0.5221321274137446,2,2,normal
0.5701540254340564,0.46734734389617455,-0.7963300857223823,-0.45353480677685226,-0.09711912432946251,-0.5867145814488807,-0.5836441265326486,0.5876442888141614,1.039979239876812,-1.6018552699696766,-0.2938591452177506,1.8579993013700948,2,1,normal
-0.5086660577463888,-0.1066077391263824,-0.4085865835678178,1.0282419266781913,1.1035472082268631,0.549224506119312,0.9625931297015704,1.2236385691795517,0.46730795158926947,-0.07034283243050866,-0.9486251372021443,-1.109593794997434,0,2,normal
-1.3944762914598339,0.39271623083545215,-0.4165726881624899,0.3664393282423133,0.3509031330786071,2.4310811896394426,-0.19695764574991517,-0.7056599690996251,0.40626940162636055,-0.28864559809973156,0.1690562334058717,-0.6839667631650796,3,0,normal
1.4621527997789636,0.41930354667558956,0.2946643463668554,0.24236646699189504,-0.429110260323884,-1.145624265260616,-0.9071268194829687,-0.3814862026678921,1.0893774568665644,1.0286317974495054,-1.4345831786556893,1.2094420334034852,1,2,attack
2.09499334600066,-0.37362136492590836,0.4003302908358264,0.6095580385592476,0.6536891018985855,-0.79244943963474,-0.23101488402379025,0.24490413112306156,-0.45267650077977073,-0.663183817660299,0.29815135614477734,1.078003824407221,0,3,attack
-2.5753145122677212,-0.6237240175331198,-0.15051133907052316,0.41054302124192843,-0.5605578582349486,-1.330546064753579,0.6816918506030353,0.1803269469128996,0.027087119820443,0.23141310977265447,-0.26505918345104046,1.5719386956839771,0,0,normal
0.31898278342582254,-1.3355408507986515,0.7759893955503078,-1.1338810345563222,-0.06687442371201517,-0.00796945278035516,-1.5259139548800071,-1.0957272528784066,0.9251702009526278,-0.14751155440774616,1.4992285404853636,-1.8299894105939976,1,1,normal
0.8110016811726117,-0.2741993202672727,0.70982734810121,0.0010821109548524866,-1.0238298463714577,-1.1327228915700622,1.084626649484847,-1.6880059278940656,-1.4987300797756837,1.0831425872264069,1.3077132818198576,-0.19717697748736362,1,3,normal
-1.5149379686395066,1.5101840441105467,-1.3984269076670788,0.6865696560315827,1.3451083481611397,-1.4842177771005634,-1.2604286341646194,-0.810585742032651,-0.5897607333283741,1.530078187936658,-0.4581894437088771,0.5508470635272372,0,2,normal
1.9356130490854748,-1.6202305133510062,-1.4289629889954045,-0.7953905451283608,-0.6427329273130451,0.3828685328314105,-0.999777919680596,0.33961417481505646,0.5416991998897576,-0.5420279315653563,-0.09199721202138683,-0.24957125079695688,3,0,normal
-1.384275564210731,0.9428115812064124,1.4307089111119695,1.0081172204429294,-0.5433090474606986,-0.6703134074830182,0.04865557110766776,-0.9953999491408531,-0.25168884693174537,-0.701031933718727,0.0027491833378406523,-1.1882067295454115,1,3,normal
0.7324154654977505,-0.28302006254209744,-0.993754174712643,1.0331099053349142,-0.23793988857523446,-0.5044081328083627,-0.7096015388606607,0.5129363985829187,-1.1773209145113095,0.8223538247621975,1.1841928072593038,0.8130926892688523,3,2,normal
-0.09870352679998078,-1.0384321893812012,0.5582678459310272,-0.26271333853532225,-1.1303559007329669,1.273816994889079,-0.5821711755238633,-0.008421393774439774,0.10491344956988036,1.9066993539349164,-0.1487303505266437,-1.5193117791629123,2,1,normal
-0.6243139879978327,-0.6560661165790508,-1.9492927813575363,1.001479701204131,2.448295182389133,0.9079039029218818,-0.7589155691120789,0.7127869542057769,-1.2395928414011108,1.2465983487567864,-0.7771802598346179,-0.7534459894991015,1,3,normal
0.6156669846967411,0.3796538849103931,0.6432377146349898,0.7553142404955374,1.221958222293201,-0.04038781534506191,-1.0829777250604946,-1.529407808358384,0.2779751625047179,2.087159876427961,1.0089256547106145,0.17507000212702611,3,1,attack
0.8739160140076306,1.191010098313346,-0.8372841688019365,1.117041398122156,0.5978277761783339,-0.5857975564443656,-0.5653217372235935,-0.6288526540001341,0.5647924583497498,2.6082587619588202,-1.2862710892256652,-0.4333545586576131,3,1,attack
-1.5009558533052574,-0.44941238351835194,-1.517369818402785,0.7811400906084652,0.002357752471169533,-0.606297733910377,-0.20419690316351752,1.0311423781675912,0.4632353472983095,-0.9661055315605628,-0.2084403680234417,-2.053694102771893,3,2,normal
-0.4315403553679849,-1.6737381973088645,-0.8204324552921559,0.6189526722410227,-0.5767286662232902,-0.8678144336996431,-0.11067352012219876,-0.2444316347086761,-0.23507623349844098,-1.4520224641087316,1.1559601214918673,0.566718374470952,1,2,normal
0.18195592025745339,-0.4181043959089816,-1.4423420092371173,1.662562827590205,0.2795874980149791,-2.173981474531434,0.3283735412228724,-1.2714793406939542,0.2364196532829597,-2.539169685860286,-0.5705640591326994,-1.1605008756967992,3,0,normal
0.5509603602353992,0.7250072726184705,-0.5135938430947171,1.2091814693338983,0.5301441556469212,1.2785479639514534,-1.3039452480991793,-0.5478455623400058,-1.812064080010046,-0.49528040617967745,0.46753740138299915,0.3715508743691407,0,3,normal
0.9960668803960705,0.9992462157200851,-0.6264765684299932,0.36808866346014857,0.37224081404446424,1.505745237362768,-0.3539347086633852,-1.0232909715260425,-0.3557799786201613,-0.856666582344294,0.030527901545241397,0.25601082590604435,1,1,normal
2.482190853926818,-0.18504181361676972,0.3051886281105894,-1.9583169478629965,0.7267906296350619,-0.3016726835281777,-0.6334677159704655,-1.6315184058886765,0.3558218227793766,-1.8135570951117603,-0.07972572311348526,0.2972235895257849,1,0,normal
-0.7514945583063293,1.739553893490978,0.23943519459545587,-1.3578526817766876,1.5900240615546528,2.411970069806805,-1.5076148229003579,-0.05602072023273818,0.3975260536939622,0.03824380805768585,1.0375909183234175,0.23573012690447115,2,3,normal
0.31469132771442293,0.8244437977096861,-1.3324750342642588,-0.14496528166110423,-2.278162574130583,-0.9825095507635587,-1.0829331965917643,-0.4979710806952867,0.6395118278842634,-0.5636927789534204,0.42853951434848775,-0.5724751786987463,0,1,normal
-2.139590044869693,-1.0669466002333248,-0.8042558353339807,-0.4133991270427498,0.7070925933732862,-0.0266299920263211,0.269197398250836,-1.4435585959667792,0.7887517966835341,1.6326222286377612,-0.21058650959258032,0.782211439460714,2,3,normal
-0.03322485715033709,-0.1939967587041652,-0.11986396033971046,0.5647947656350257,-1.1658071653909083,0.30853261148371885,-0.5930026397596294,1.106528897025566,-0.6300437997926333,-0.17194058417167735,-0.9961606092183932,0.4338068600308638,0,0,normal
1.2564904305047306,-2.4406973809358594,0.3279340298507808,-0.26399662900279963,0.03653095121986835,-0.4686951100024525,-0.8373714057738655,1.1843739016948085,0.00907339065998064,-1.0731895124954969,-0.7908471961305732,-1.4073134516609291,3,0,normal
0.9393589631094882,0.4786246976757982,-1.879282235038631,-0.9198919012190726,-0.15649102690592154,0.10314511268343016,-0.2138582139488616,-0.8590284108128259,0.047968010594097436,-0.0871754542633392,-0.7586612562747863,0.47777178073249926,1,2,normal
-0.96610145663669,-1.5593753523593212,-0.976529234078129,1.702228351087875,-0.676450760861389,-0.28944142023262015,-1.011616339622628,0.18643604562479882,-1.3076117718559583,-1.3565860054943564,-0.8948008720636063,-1.979986860699492,0,3,normal
-1.451225847363983,0.9859061363004333,0.3603269366751557,0.4195088497171187,-0.5358830793624538,0.22883748862919737,-1.550071186329917,0.1355538913626665,0.07452266856987583,-1.1243643849765774,-0.7076034417822875,-0.7951418677874545,1,2,normal
1.2877741228983852,-0.935244007174263,-1.1641237224962968,1.1493543140305897,0.6364433492714262,-1.064104352519619,0.7096858657201315,0.5157082388615624,0.9216931451988113,-0.6948848824226646,0.30641762571583225,-0.427069127893086,0,1,normal
1.7148924008353137,-1.458772495912791,-1.0547766959190263,-0.19856813872871015,-0.7246123753095313,-0.3973346996865147,0.9824958283255382,-0.003949549492872905,0.24129795652374766,1.79988681621019,-1.176545749500257,2.1104020508800887,2,0,normal
-1.1709966970088495,-0.561798710764965,0.5653410155365413,1.0926546080606194,0.023999997047990843,1.9750414987970568,-2.97149273997911,0.5757191387669692,0.991567613582777,1.965149165102907,1.0899067773973319,0.7740837687942822,1,1,attack
1.4107753878409366,-0.7183430054788915,-0.8704031645048561,0.03897039269802489,-0.2652176579341914,-1.9323287600289942,-0.08506178251981472,0.5482870120404832,1.0087297235321455,0.9413228112268784,-0.15738229038824583,-0.12300271002481372,3,1,normal
-0.819650953132628,0.10251013115883945,-2.2444691132337673,0.8700674584295253,-0.4392595697745627,0.24524599678052733,0.36497286894081227,0.7998171694475593,0.29422566628708086,2.030000520930397,-0.9955389710039106,-0.8796677777238305,2,1,normal
-0.28016146473249626,-0.06127546620614169,-0.29083417572198733,0.03550379717210467,-0.9478758286371854,2.7088670596157813,0.899087655669777,-0.8019670631968193,-0.21258425443464934,0.04141777449146428,-1.0006398845413678,0.63599942215374,2,1,normal
-1.6800644043389703,0.9777890960824828,-0.05880075092186636,-0.2993130624294,1.2483884294514627,-1.140826594425875,1.0487114736986505,-0.2049757347817259,0.8972182827575675,0.25332929907346446,0.39134850631029416,0.24118192469850286,2,2,normal
1.2197686175983393,-0.8932123357450776,-0.25556478724366966,0.888842329214851,0.4889773466388934,0.07616497074043926,-0.6107541149006716,-0.30334519582461705,-1.526989497105633,0.1292861467252097,0.9530067630477426,-0.0788996417492641,2,3,normal
0.4175581127964709,0.14470774498437824,0.4537067226603146,0.7985322016753228,-1.300769821405164,-0.8577684947081937,0.6408356939729329,-1.1813727255669306,0.9243440945249042,-0.9508404739100152,0.6292957185110508,0.7488187537969425,1,2,normal
-0.6626931070284824,-0.13386298313624737,-1.966726684878986,1.0459371165167548,-0.6461304215754563,-1.3320706360914614,1.3008954676745508,-0.5624490208981048,0.8233641862296767,-0.24598237716993004,-0.061968509456350906,0.01274720339065735,3,3,normal
-2.3079180981037215,-0.29076750945597457,0.7807654999708792,-1.753172359519872,0.061608256582247424,-0.009458268152540318,-1.417881197533872,-1.7185518061539804,0.45940672139215816,-0.1594991529563666,1.1433450025512422,-0.2692175037013045,1,3,normal
-0.06715747243806656,0.3331428689490565,0.9205180824088381,0.5708836059748696,1.7742767402430581,0.7738157237671909,1.2246837694957549,0.45697929585297314,-0.3938730927448628,0.021148715452979236,0.9891084478569115,-2.1395680129955132,1,3,normal
1.5270845298103488,-1.066855961399867,0.04203859453179346,-1.9128466496229108,0.4030373164591498,0.7702947954677127,-0.02266933972487804,-0.7111791908862852,-0.0558304712416218,-0.498958360989247,-0.2761721119156076,0.5826530742796072,3,0,normal
0.24518799462216215,1.3730671699659014,0.1197432973178589,0.10862393146544028,-0.7563052505572058,-0.23319873656216866,0.3864761405069952,-1.6292905365035688,1.098713665211793,-0.345010065788796,1.1232899783874917,0.5214444682490994,0,1,normal
1.1878110650285196,-0.9155437348101731,0.7824341457460353,0.0605002523056143,-2.079637285010173,-1.3693621832896086,0.30746944231906376,-0.703477457273485,-0.11098346843873944,-1.970130764213425,1.1789650857290421,0.4543538110539368,3,3,normal
0.915524184957563,-0.5675014570128575,-0.06469917612771325,0.013915953995524638,0.7723717426132058,0.3306220481171876,-0.8820570887287155,3.063761718358218,1.0909753731376313,1.8371133265788082,0.19337331843754527,0.3655178573425917,3,2,attack
-0.913754060963018,-1.1917772031660065,-0.06548659872740878,-1.1054421878983534,1.4556555846008232,0.7475510421464973,0.12783212430118748,1.2183010203492324,-0.10819312199613053,-1.7369117061728916,1.014405524556583,1.4828370780526472,1,1,attack
-0.06404151628672519,-0.4527656047072955,-1.0526393519273494,1.8691711107726117,-1.021084227667404,1.3188396125019175,-1.4352127608571617,-0.9705485458209637,-0.4218184037223513,0.6784416263692764,1.0613728401223408,0.4960372212934338,3,0,normal
-1.2236756000397668,-1.5073553510452606,0.5307226638131693,1.0382916813473693,-0.38385135598612385,-1.0211433098488805,0.19716665968386857,-1.7885175116633314,-1.3830675302449493,-1.0274492127445956,-1.7511240897566003,-1.0988945070961365,1,3,normal
0.29710593809588287,0.7577232372995131,0.1730703714662804,-0.6027503192383896,0.22571739157188916,-0.9423189655408346,2.4744589009128925e-05,0.5359629558483044,1.2098422191336615,0.17294119288027135,-0.8301690096283276,0.6741447752366267,2,1,normal
0.13707766796179727,0.8829254062345773,-0.40041837349741544,-1.1855654177138961,-0.449177696201226,-0.0063957854072252684,-0.045475185004243454,-1.8401846772368702,1.2646630848882925,-0.40409794487050493,-0.5411836047005267,-1.0975179699641746,0,0,normal
-0.8039605270870112,0.8753373961475428,2.3698171376694313,-0.5953395477745741,1.2465573902568066,-0.7649958950142648,0.5185163855512338,-0.18651802791383654,1.7610794825062115,-1.1777773235540823,-1.9743412930628035,0.27645494401768084,1,3,normal
0.9922162662255559,-0.0435777379684407,-0.9187565122111417,-0.06225386454901704,0.6210510758877902,-1.0521900019278718,0.43414576233895524,0.3502764663058194,1.7134145535589163,0.33097177696900487,1.432697632677949,-1.0224856388265007,1,2,normal
0.26863258380225963,1.0414683398678803,0.3329971737466585,1.5025945803138927,2.0706802059395284,-0.6663112294175837,1.1261338842151238,-0.7990643421230171,0.07350015647498559,0.8016447752544387,0.9754497555015463,0.422334552585702,1,1,normal
0.46101982184810014,-1.0560549175547889,-0.6044174046220121,0.7405993082793444,0.21321306251984598,0.031490351161717986,-1.4319300106301258,0.8056073004761971,-1.398271880117553,1.7143578984017238,2.1018882552487677,-0.8870016628345954,2,0,normal
-0.1644013267588076,0.3582769577580626,-1.5137336720337466,0.978931061765404,-2.065351556082433,0.03646885724649664,-0.4587533883690763,0.7401727734129729,-0.9398691787083723,-0.34470790718725236,2.2406241789392407,-0.17753251151782434,3,1,normal
0.5492954477859827,-1.2403892941455388,-0.4949344084589672,-0.5832912095489489,-0.48025845602694894,0.4398736663695321,0.02046258057433161,0.07733663389581114,1.1261745283881717,0.5534726012026658,0.21030655038732346,0.23272092330228775,0,3,attack
1.2643660579063465,-0.44826198498947456,-0.7694662543184291,0.7344046977564784,1.0585127739729812,0.7094342575162099,0.4629790172072526,0.5620048572347242,1.4500220666956516,-1.0172168428881496,-0.7315539314256235,0.11621281731590347,2,1,normal
0.5327608963641384,1.2043998944490597,0.06987921507103317,0.12644855198001181,-0.10500588539366075,0.7969791028224396,0.8706563298942851,0.7864135705239924,1.1197582143151081,1.4174901830806224,-0.14695261709939328,1.1467452860719356,1,0,attack
-1.9455075946637195,-0.4514623531255819,0.3911814096952471,1.3557253290501485,0.2712858554068077,0.5926886270953377,-0.3273523396522838,1.4625720702985425,-0.6249657012047743,-0.9073741790382451,-0.7264981898916855,-1.1904740843285826,2,2,normal
1.0953357690824201,1.718543019114896,0.975278863796591,0.012760240901852083,-0.837459269854977,0.5004383950395965,0.6664824060436773,-1.9413845806009329,1.0035447546367497,-0.5855911534279751,-0.4977280304432785,-1.0872293427780189,2,3,normal
1.3079096712825438,1.0931904019114491,-0.2193055177383565,-0.4198767935724524,1.8130506095404584,-1.3315398843345603,-0.22591169765973793,-1.4453831443096157,0.99918681996305,-1.7063736510548324,0.43592654246237383,1.064080049739237,0,3,normal
-2.030666031256379,0.23702441449670678,0.4339408559254568,0.6240224700894829,0.05793689062220453,0.5951877902897711,-0.8641924169215097,1.796295736317981,0.2268073420926375,-0.24174631708379402,-0.35963238780241236,0.363025202863955,1,2,normal
-0.01482618572613966,1.4110395174921384,-0.5866813227961046,-0.3402326992604325,0.9143283238924701,0.4738748791451181,0.9249837457450895,0.5343177445983307,-0.6577885080953009,-1.4708555730784443,0.7906417307139951,0.43339014800438663,2,3,attack
0.9621750292555724,-0.6010324415684282,0.7965559661463957,0.4275177278750101,-0.30660667824617227,0.4146923192955458,-1.5559937852636108,2.1374082948630164,-1.0380019209834979,-0.9677777334348412,1.5822441179476099,0.24434841135429633,3,0,normal
1.0571981407209796,-0.397090582393293,-0.5280854581756192,1.3073261768732272,0.018509197882625693,0.5654348857317851,0.16550049303977116,2.6728377477786385,0.8215547123962141,2.1694296026320594,1.1167696036353512,-0.8377709117224681,1,2,attack
0.6538297108459288,0.7254181060250142,1.934391540967156,1.2593300587880767,0.6990254777134731,-0.565542817778407,0.21771483678986575,1.1361657110711312,-0.27596578226702523,-0.25526595395087626,-0.7962666615370676,-0.7397821183022946,3,1,attack
0.05686608862775213,-0.21848386872549896,0.08263589933139749,0.3822433645680556,-0.4855215977025677,-1.2736195867813074,-0.2300806090437435,0.5436912857362314,-0.7027409057773667,0.47138912426738067,-1.6300420382574634,0.2701701353706609,2,1,normal
-1.0727418206163675,-0.21073172914520882,-0.17987651859518827,1.4260198387428087,-0.7288284226940672,0.8040790227618595,0.22132201107171948,0.7578593494345555,-0.19388794568589157,1.1491757422643072,-1.3954409064505318,0.588216182919152,2,2,normal
0.39527893470325737,0.10422757810110718,1.230307498526895,-0.477877690256255,1.1628757736392001,0.2491846626038399,-0.9204318706558996,0.3221118270687726,1.1117181963331735,1.5561758624294586,1.3946535100836026,0.5120405469996666,2,2,attack
-0.5466887891760179,-0.05468147222885708,-1.6261572932799773,1.5901000689344285,1.5828303048995274,0.957479856005046,-0.19635518084831943,0.8872062831674692,-1.3047371507480048,1.2749933944241254,0.1563983896249087,0.5256610417611007,3,3,normal
-1.2092100120075613,0.6964555631006399,-1.5818491641437973,-1.2346050338947563,0.9148383212294423,0.49564144320655895,-1.5701044672042461,-0.0728753017286353,-1.0788186302352567,-0.2621511041621184,0.33450557340889125,1.4715986794514624,0,2,normal
-0.5354135388230205,-0.7758415777928107,0.5786730022601332,-0.014058601927906585,0.7056895574346449,-1.185977031402474,-0.028194299202183956,1.2720577802440516,-0.6500791476273126,-1.4663226394430429,0.9729265123128095,-0.5693520552536985,3,0,normal
0.962484858583354,-0.9742969280480221,-0.6874429389497987,0.9150482209145876,-0.4038778813474441,-1.7405216153323428,-1.754803912413234,-0.5026249797839365,-1.084769218810528,-0.6630960529499168,0.31951812920940525,0.7824524226919838,1,0,normal
0.770393028828852,-0.9732706507705351,-0.42986006473256366,-0.489385362816801,-0.6366233166376138,-1.7465929839834518,-0.39650537078309017,1.5078157161767036,-1.1972152339047757,-1.0293173597413376,-0.0037039191005006004,-0.08872490144004834,1,2,normal
-1.611305682601574,1.0365799245078788,1.0847409376601391,-0.06254767119372612,1.0769459526044765,-1.0445984418799934,0.6026413164398506,-2.2363806281297407,-0.5198624000352778,-0.7392832268554591,-1.0995210865161478,0.27678570608497594,1,0,normal
-0.019024966792972404,1.6274474897262294,0.5269292350860537,-2.0877529362440543,-0.3565198544991795,-0.9866310045835747,-0.2664152440709442,1.037940281732204,0.33174449849287224,0.17275310551485937,0.3862916979828003,0.15328378084446295,0,3,normal
0.33361713288350103,0.35830910939790295,-0.6547838517026751,-0.5207651340968644,-0.9653487391298143,0.03136267120716403,-0.18970311706869533,0.5449091290996028,0.5523183033587828,1.6822260847461752,0.06855483433972047,-0.5181284836262074,1,1,normal
-2.6721870089208313,0.9306076639662875,-0.8247945193783474,0.5902824740038579,1.053135066280086,-0.7326119104989445,0.8804114973130591,-2.1207970437158097,0.7750446318940823,-0.013062449937141516,-1.0731485204593423,0.8661832621844358,1,3,normal
0.8467646226385576,1.5283917899924142,-0.7701538331071348,1.3411924762764729,-1.8028562632473213,0.25617293049156703,0.04262979432453051,-0.5435972789528268,0.7902396726036123,0.9661951733205857,-1.2914682882270805,0.26397256667377955,2,3,normal
-0.5845380303600792,0.8048765312633548,-0.40306171540899666,1.4203752038263715,-1.195031417311569,1.444767178302537,1.4959478438634548,0.10979047582115707,0.21656185652048154,-1.4326357360099993,0.5324604987880199,-0.13276014648929638,2,1,normal
-0.5274061588866112,0.4348983285482545,0.9274788659349436,-0.22728132071733725,0.6562886220723424,-0.0925869821826186,1.2631896748623888,-1.1249201161928462,0.07315209994025532,-1.9754937712042018,0.5686063582536279,0.4664047373249089,3,1,normal
1.5145017355875396,-0.7562232741091569,-0.4823165018093075,-0.8701544273574924,1.2853524997580372,2.104188736629352,-0.6679229866131252,-0.09412604744794305,-0.22279530316372145,-0.6050455823894612,0.8424633851149581,0.4017002028138177,1,3,normal
0.14886203529071332,0.9466012566443021,0.8321188442151848,-1.3101825396791356,1.2818392703075423,-1.4873518819345501,1.0093833739252644,-0.45452362904674887,0.7591527384548366,-0.8931015201460794,0.7167873139785285,1.0371390001591525,1,3,normal
1.3077131811897436,-0.6135433732192009,0.061238403769162515,-0.4895902848234279,0.2527813317234654,0.13743270410827074,-1.2992492295765812,0.9760263590365376,0.7472173318877856,-0.5909314057621812,-0.15370631609364493,-0.47082720234742553,0,1,normal
-1.0946128874408265,0.4072449562213783,0.002666445905788687,-0.0703004311048255,1.0622262462258552,0.168192746099729,0.9184418649761044,-0.25197657794486356,1.3633235368898604,-1.757938905991743,-0.6885301778495119,0.7238781589273131,2,2,normal
0.2742374340898978,-0.3156641283245114,-0.3274939923799519,-0.6098623985321525,0.7179666031189423,-0.12524342950643014,-1.0470487215777382,0.4487609972500363,0.7969463050764816,0.7441894224653051,0.9620654047498837,0.9201572869856128,3,0,normal
0.06065732883850433,-0.2318510190636156,1.3010453366074628,1.9026467720618647,-0.12550248476194137,1.0699609479034848,0.7124018139215574,-1.6648962778128749,-1.0795588178749136,-0.6177128750946653,-0.7718986919528454,1.9184354514703195,2,0,normal
-0.3430764690500743,0.6643242303456907,0.3640000801456992,1.4728185144049235,-1.0326112621177863,1.386779080232155,-0.7393482040225501,-0.5930606306544743,0.3405622212340308,1.3476326379123498,-0.27389384098339664,1.1807624687603018,0,1,normal
0.32874581686599996,-0.5344043813843931,-0.48921349054655655,-0.18593197857508043,1.5451119744557467,-2.0192831729416993,0.5060878286549563,-0.5354749682861473,-0.7192698840767714,-0.10014121595517587,0.5763908468952149,-1.9045480714010359,2,2,normal
0.7379922187278206,0.559037823540777,1.5370221806685225,-1.6850718898432766,1.2565909544890754,-0.6687719703192146,-1.306439748958274,0.6591734056049054,0.25241872292436474,-1.7776771289831825,-2.3410821076798967,-1.4798868269662562,1,0,normal
-0.31651627468704385,1.234014872555198,0.6555829322185427,-0.32417569916084066,-0.5554362640346128,0.2755243427496831,-0.754505033710785,-0.40050903604437316,0.8216200019777671,-0.681554800372798,1.1672648765179379,-0.15279155536186156,2,1,normal
1.5008856485138353,0.6660814667603606,0.7272003886927801,-0.2269639350583989,-0.8251433239997952,-0.7682158780830968,0.6391054875508941,0.19594823176711773,0.8935373970734073,0.4850319885025225,0.24590083561489884,-0.71702367694725,3,1,normal
-0.94428941345191,-0.05939971551878836,-0.3515484996580418,0.6178070137078703,0.05030856265779111,-0.35659217186808384,-1.6586366613457546,-0.8940206814514594,2.175811400197909,0.48853352491570806,0.0751880838037912,0.3098656632840373,2,1,normal
-0.4257606896411303,0.18779908061647715,-1.3310824850470595,0.3377422712822715,1.2442737137755475,0.39424023864614827,-1.4069598762490705,0.8320536383028488,0.42011274656579944,0.17348833957365198,0.3268414319447492,-1.0972940815700996,2,3,normal
1.278298034208437,-0.8537250406087042,0.5009309608269784,0.48621411431851097,-1.0804171079329554,0.18745286798014077,-1.4305874617720442,-1.4791718710043165,-0.3774417762332676,1.7002929939329687,0.6178077480110679,-1.1032483045711103,0,1,normal
0.30820203897134013,1.7369781732609841,-1.1887934081918412,0.08963170362287244,-0.3586004543960306,0.17112106476474634,0.2550892810664607,-0.26676103926907435,-0.10834973462846505,0.315750692380816,0.7379996687856544,0.8704966559091196,1,1,normal
0.302732355011722,0.5340526388874948,1.4967138194360035,0.7274655695763012,-0.5344906046992667,-0.9160364523849045,-0.24171597173069725,1.0032820419839925,0.6092766065689692,-0.03728421464761131,-0.16055451741884863,-0.06967370342345375,2,2,normal
-0.7330688609255771,-1.1286049630467123,-0.5388473159745129,-1.8926891550623215,-0.4973581990013313,-0.4255553636448358,0.07160953400865384,0.0393699138176852,0.5554712363968636,0.7640451576671977,-0.8518752980266842,-0.6880190793757915,1,0,normal
0.011623736129733817,-0.579133455239786,0.7018397824957746,0.9699137663445438,-1.2335538530988799,0.7847806668273428,-1.4027260881876205,-0.4633535279729887,0.432482238703191,1.0852884318374016,1.1817946785690714,-1.3665565803337143,2,1,normal
-0.6630628914679574,0.8068319303631499,0.33011308928917665,0.6012988562423065,-0.5151011641706119,1.3755035077381241,1.4496333412577325,0.0032089428329254367,1.2805287749137275,0.03587586590566956,-0.8524824282838555,0.06754842674540752,3,0,normal
0.13907334730763846,0.6574616006352344,-0.07543949983005517,-0.32081363818070163,0.6240631803882546,-0.3797841566935341,-0.18443514778768968,-0.3947735965501525,-0.6391923610760764,-0.003402856859314676,-1.4154833619647336,-0.35691767966847476,0,2,normal
1.2333606068295229,-0.39868677786971723,0.34685633577876224,-1.2264871177849044,0.43358321367725877,0.9063600594843289,0.6171015147591693,-1.5376483802677017,-0.9752902166364308,0.4573636752501628,-0.19104415032761676,0.6813610177745743,1,2,normal
-0.840638980966636,1.0534516987975835,-0.20486313679475487,-1.5244873898772446,0.783064115893935,-1.5921987930187136,0.039194628741812496,-1.438638061430625,0.17404460401204158,-0.4710700608787005,-0.03166064106585586,2.3106834741539313,0,3,normal
0.2466951404393932,-0.6378700983525648,0.032199252195804426,-1.2715315634423738,-0.6712935996459628,0.3634309186908001,0.8792472850284837,-0.7181600889576781,2.1818132621070863,-0.5504376237315652,0.6147506105536763,-0.14856709834945775,3,1,normal
0.49794984721757435,-0.06530564548644378,0.25057745907060963,0.45284180378840916,0.07215453047778607,0.2928072362109,-0.12180221965773018,-0.1576815014949232,-0.06484931977263615,0.2173206501248462,0.19047387815046038,0.6043220237926686,0,0,attack
-0.20039245579418266,2.0342555104199396,0.049330626893990336,-0.15846584600250752,-0.9276767677413932,-0.8560079147968277,-0.2713615973876076,1.8014720164999969,-0.2846917088078443,-0.25919072725311376,1.1508481586420347,0.09270902372059904,3,0,attack
1.5512262902957115,-1.384931285261235,0.7464367530830259,0.7243415142756044,-0.9245529900294169,0.3407314365760822,-0.8057436932591445,0.46691548793557686,0.9828173242981134,-0.39315096283758466,-1.412506891900397,-2.5397414725992693,3,2,normal
-1.430952227457321,-0.2726082698333905,0.1333517600961721,-1.6572445628601198,0.3536017395037519,2.683864928886835,1.513562333298318,2.336602717496222,1.1753798066800678,1.9629988628279036,-0.20303620255395707,1.2318939881655495,0,2,attack
-0.3885871458603537,-1.7445357772016066,0.006799460918892046,-0.2621480021904016,0.10384476520347777,0.37892446933817986,-0.1840799429484111,0.06380671761051558,-1.6142932001796226,-0.38816399837506826,-0.7956305944856125,-0.35193192273180535,2,0,normal
0.8274912365904851,-1.130127862875021,1.0087206458933486,0.9508498820821186,-1.7008840437273858,-0.23489659165391139,1.0616111800748915,0.05328409034011657,-0.23414825518953575,-0.7875904844494339,-0.8666516155471935,0.5924668972207892,0,2,normal
0.09615029032581163,0.2601073382348892,-0.003927861013581723,-0.9370188941931574,1.6822561034861359,-0.5250439369258716,0.9807355247031699,-0.11973002922706968,1.4828165723401778,0.12464815822359811,-1.2761810693127493,0.09849511837587711,0,1,normal
-0.07862448521249531,1.401704574741885,-1.5417646978486743,-1.3287537589767013,-1.4010285850159874,0.9673007511961994,-1.1012522710439108,0.5953861819339636,0.16484935078637866,-1.9860391776564963,0.4456621733394194,0.7121578698726696,0,3,normal
-1.992022387510322,-1.2743034070208972,0.07357295640385628,-0.33855596623251905,-0.46537049860535923,-0.12214886409891532,0.382787765048455,-1.2358172408116934,-1.2010958578475888,1.1161480897959628,0.29922977281680063,-1.4962132495163427,3,2,normal
2.6516091769891688,0.6343273125562386,-1.5460201536621176,-1.4343976762466162,0.5436992817005866,1.3702943326575368,-0.5936099037367488,-0.31043401932917947,-0.33590470635360903,-2.126253838107679,0.7545099505647416,0.885554771927618,2,1,normal
1.1576898769634723,-0.49938743829950105,-0.9276025896804958,0.3232378711665251,1.6771138979974625,-0.027962755613955153,0.2662398271017216,0.13925385894751066,-1.8708019314283,0.6018334534045704,1.007727895764545,-0.8520623745630498,0,1,normal
-2.159464314876776,-0.3650176731461222,0.598372967766614,0.5078497346510833,1.0036742742011164,-1.0959857855253472,0.6209823847183465,-0.5083375230450696,-0.7351137925914626,-1.4881626768177698,1.3822942633709148,-0.5430536646336865,2,2,normal
-0.2043419780780828,-1.682080421323224,0.8079684040633606,0.2015678826411634,-0.17895651570459145,0.9184627610234788,-0.5040792146201085,-0.12214878108018327,-0.7321059286399741,-0.4743065629794,0.4197316515919959,-0.7954427378948504,0,2,normal
2.4837716586710012,-0.23585318559884955,-1.735182197821665,0.43009747837787793,-0.6108490392547611,-0.19434093754755263,0.46432601425316095,-1.1224018932175996,0.44865686709456964,-1.9420460366297816,1.9322650351411648,0.6438614023487755,1,2,normal
0.14394088716894662,-0.5809003416681088,-0.813069102891395,0.9088224092558197,-0.3861073194945747,-0.9022489769479317,-0.9814086699036022,-0.7649269564796399,-0.4164833808040649,0.7751051508681392,-0.04563875537738105,-0.7356503247158681,2,2,normal
-0.3748508997050872,-1.3244565055244704,-1.3340904648787426,-1.8893909803851452,-0.7668789278432177,-0.009175342489599761,0.09661084225409294,0.3364056606146404,0.9663561886345877,-0.9954196570945248,0.7387930411807054,1.6891899942628925,0,1,normal
1.2888868928035653,0.39808022522113645,1.212037192931533,1.6326614574878144,-0.41413688898329565,-0.01406549425349,-0.23980540344094456,-1.7654735608894272,-0.997339050654952,0.8568082881888046,0.1417070881243255,-0.11687297033938478,1,2,normal
-0.7750117288433156,-0.9235800043345972,2.0498525001346044,0.15177337291002832,-0.3609782603663038,0.8088781888629282,0.9283789717422184,-1.0382237481878709,-1.631122448066602,-0.1052339048249338,0.27691665364167584,0.489068412286518,1,2,normal
-0.012880435334636833,-1.02674403647486,0.4808234681955887,0.21695390175474852,0.3961324850543136,-0.8273412852159743,0.8050695709894633,-0.7693701754148669,0.7793173654516892,-0.2463222683048216,0.2087193870794445,-0.5990846343496472,3,2,normal
0.4688936913855583,0.9966581763209137,-1.4263406355471313,0.4200466096562426,-1.1279912035661133,0.4434528834028039,-0.5260094256489821,-1.1117307087616526,-0.4284253905850888,-0.0025678381492421558,0.6132259548634654,-1.2859461373575596,1,2,normal
-0.7643744075305929,1.6320308011240077,-0.19102527077394865,0.6339308047074536,-1.5493128762035264,1.8206026592547544,-1.0306472782837075,-0.7035206615642109,0.8898808014026689,1.3039939378061849,-0.3189096508429074,0.8532132977838274,2,3,normal
-0.6449436013872004,0.3411480678089412,0.20141057280358587,-0.5665233619128569,-0.35452352726160224,0.05165807025569091,-1.1221176710174139,-1.2691854231286273,0.9860299261425114,1.1779798195941436,0.18145277865816425,0.1993849330498082,2,1,normal
0.19356739544264492,0.5153870367427137,-1.2307607390311621,-0.7635897308025387,0.6363302671475568,-0.06395010911302806,0.5645201784118584,1.5430215097791415,-2.089747176148199,-0.6327708497040713,-1.6904893951590378,-0.030014936350780945,2,1,normal
1.1039397373030178,-0.39647044314926383,-0.14140646925351805,0.47108184309421025,-1.3039425660221715,0.7524979015602202,-0.985565954392379,-1.7158776685444173,0.23744784253162304,1.7654259959283891,-1.089474775848027,0.36021966752726997,2,0,normal
-1.0962955793345959,1.3587788614511163,-0.6572392653881497,0.7389769583793052,0.08585734518006911,-0.057533600219816725,0.6640953884907264,-0.19909262235844158,0.20950575699914556,-1.1200545501368606,-0.6515403102522751,-0.704663673830678,3,2,normal
0.5473254692563897,-2.54060377345567,-0.20897892042414695,-1.8977277683358356,1.0433772236173857,-0.46289264421759935,-0.1468893572455256,0.20914856355789524,1.0725370735063655,-0.577771189232573,-0.49410715472335864,-0.3171771511784034,3,0,normal
-0.25741833354054255,0.30988614451583,0.44691406725393007,0.01644476317878883,-0.9018314759008853,0.19799463053904995,0.6483286914398508,-0.8420122601922153,-0.0574079034938429,-0.45304686014055623,-0.9015681250917611,-0.22277426385042184,1,2,normal
1.220294683577607,0.045606637819721664,1.0783456952665835,-1.5536977061159094,0.4900341181834656,-0.16098872295453256,-1.451118377038072,-1.6817981052985718,-0.034507629577305625,-0.8545183469112362,-0.6533849291079127,1.1675029246373985,2,0,normal
-0.15597334005122185,-1.6702668257430782,1.5791550386379722,1.629300243683396,-0.7019124319944792,-0.44739846749844714,0.034831660532432675,0.061312851843340434,-1.2952537468183194,1.91021124036372,0.8286626163714076,0.5144977780848464,2,3,normal
-0.2881924099517385,-0.41119614245738123,2.1371449583025903,0.6738462056695489,1.0957901828065515,-1.227861676472141,0.15685371638728307,-1.13305672661764,0.01757048023889406,0.8734396779603606,-1.2401327612262123,-0.19667388933395713,1,2,normal
1.2783171995260552,0.49294463095058383,0.5927284542895392,-0.9102596379400011,-0.3655335037267757,0.8836212725221413,-2.054785930005825,0.34274282682259294,-0.6482689218674454,-0.3960850796418273,2.262211060087867,0.5710478311149494,1,1,normal
-0.2524783944369895,1.0274711844640154,-0.7456417670501453,0.3454037583852819,0.8367613578639328,-1.1283073535256327,0.6683376729190762,-1.2429198519668008,-0.8453574022147736,1.2854829021744774,-1.493678180837657,0.5983464885116757,0,3,normal
1.1135984360015967,1.8605167474244855,0.5660890402204907,1.4517879036575745,-0.9490656002410264,0.8780949809365989,-0.38420010046220293,0.6530992794460437,-0.08074814659536421,0.2624084735578014,-0.0326657904090442,-1.2256000745162459,1,2,normal
-1.050581867454758,-0.7371950407039893,-2.1672744839434612,-2.2512946692764486,2.125836155623602,-1.916411140312586,-0.36370612785444056,0.11975595542720822,0.7262709995722574,1.1255286285696255,0.13081071315980805,-0.8087542522049029,0,2,normal
0.44971271290482295,1.7655540096213709,-0.034878788194102006,0.8086874584581061,1.307440854061343,-0.8562630409248158,-0.14449147410833468,0.458871230361068,1.4803481606161883,-0.24071928895169223,-0.10555525394406123,-1.1951556499393095,3,2,attack
-0.6731726611261863,0.6096022478960749,0.4273902394135757,-1.257408763622153,0.82234141389463,0.21136172776771156,0.12583726141024854,0.14032409031175982,-0.2012136368667531,-0.2790755918226885,0.9758842299506411,1.0380526672061912,1,0,attack
0.445611416525119,0.31606186086410476,0.6191107583964788,-1.0258171202363728,-1.0820608875828415,-0.0031946649068230523,-0.059465828805608134,-1.8477491732369218,-0.3499229382059478,0.04455288541958697,2.597932183652488,-1.2428008395797125,2,1,normal
-1.2867795161066136,0.41707192641623037,-0.5774190763794973,1.193353384540235,-1.6382475283353117,0.3181813923639534,-0.5740349032415204,-1.2135011975780954,0.6758939399389727,0.783261499155409,1.010442887269049,0.7464950797462535,2,0,normal
-0.7949096005825628,-0.07519699713233106,0.03399585253273915,0.7658893978410597,1.0953705884469982,0.6956433984540228,0.44137496422485406,-2.0107459159685646,-0.18220165189711024,0.728583916153319,0.28107652270613637,-0.10637774816325977,0,2,normal
1.4830582290161964,0.6471515100042039,-0.11044882370891573,2.0071461658794063,-1.146499022854338,0.38755765977768203,0.49554473409274324,-2.322653088633261,0.030643932107321716,-0.47982551955873765,-0.6135982346695376,0.8663831417683276,3,3,attack
-0.5349707984973417,0.018557487252104637,-0.2830488017961205,-1.7313760570476868,1.7998865421158767,0.0738801965004736,0.9785019066535193,0.8672412517419795,0.49014944382128406,2.3478948051090933,0.10178226863358353,0.11923922745903932,3,1,normal
0.22350489020502365,-1.1676990758848134,-0.24546070834522016,0.35867868819958626,-1.2427301309292522,0.7972882358806265,-0.0866205780401927,-1.0373600951824935,-1.1061343030933957,0.6757746427716895,-0.27529621295072476,1.5857146992935296,0,3,normal
-1.33785799428535,-0.6484885015948888,0.1549807791780795,-0.49344752209339615,0.28257174179259165,0.1419715415416357,2.322772043185442,1.4171837766092048,0.22671721177284718,-0.14599295483478159,0.24475779374210224,-0.5402603520457694,3,3,normal
0.3479433920526728,-0.314809041611071,0.672178039355134,-0.3779085455558977,-1.0024905436540956,0.6980963693701757,-0.5001683970152548,0.545056707112586,0.8122621817700277,0.16188169564567934,-0.13526472744692292,-0.6331519160661182,2,3,normal
-0.7348390523545906,0.49002652974565675,-2.2482602315943985,-0.2298494005668972,1.2125174410706756,1.03472022426767,0.8403460609614345,1.7709223354935728,0.48146406424155874,0.36958633351122305,-0.5646138425602428,1.1569036917631736,2,3,normal
-0.6880157257760169,0.3150493581551067,1.1064977712144037,0.6867458199990464,1.4143006078822153,-0.07397176731230956,-2.175922638548764,-0.36273155922827194,0.23199104933409453,0.03553073452161255,-0.6714284313717506,-0.33157869212659213,0,3,normal
-0.558097978781848,0.8955556946006644,-1.2134708343180194,-0.8458106945163703,-1.4982424244089507,-0.560434751175096,-0.46516011963497633,1.67914878841843,-0.2867365294384317,0.8804661849746975,1.3532430199388854,-1.885432649510726,2,0,normal
-1.1685001641532047,-1.44262067352139,0.27900750366079474,0.1358074909378206,-1.8092959513439253,-2.0830555662776105,0.3484010613972508,-0.559873218039877,-1.0624606582330782,-0.6026322580765712,-0.15564970079456236,0.34152775031500865,0,3,normal
2.4825383067059206,-1.2176245732879216,-0.13063824493523252,1.789836025822951,0.8474816517481621,0.8514142315305427,-0.8136222089179337,0.23745077413062643,-1.1180046152937935,0.6062523114718471,-0.3984405910439245,0.17478857902623557,3,1,attack
-0.17922923615547945,0.12434278230963464,1.2826044289974399,0.4559575245159342,0.8869125353311772,2.5258259898482733,0.24485593407785305,0.46021923922977176,-0.29239493495855395,-0.49786314824286365,-2.402687160417833,0.6030021507399268,3,3,normal
0.7188925867858807,0.1690846103344812,0.14709153407264824,0.11512013534551326,-1.1517773252906094,2.253665484134756,-0.4431896774063631,-0.3615589370813435,-0.805784973866397,-0.5015589244347454,1.3273400354221185,0.8544201612779122,3,2,attack
-1.2622438004193626,0.17972943828115243,0.22576013762256855,3.452630842177686,-1.5571661121961722,-0.3590837453141446,0.28723625573189515,-0.9424980479899455,-0.2326656754120711,-0.4237753016154445,0.8657770955262134,0.03945957689960508,0,1,normal
1.0086963045401856,0.19775528950507854,0.10431665228106933,1.4478744129423373,-0.79586362043396,0.6786777471671933,0.1694908913223468,-1.5453683136253304,0.3378586269490878,0.7055930064854364,-0.015415372368788538,1.238322830007404,2,2,normal
-1.5480355197634166,0.3915003443141384,0.34163370879602034,1.1500221563459079,-0.7044775108250558,-0.983881907551171,-0.038512027093681775,-1.4436254943493123,0.06626132516945242,1.0487096375363365,1.0973262003542075,0.18500550033686616,2,3,normal
-1.0938660531715991,-1.0225791161566098,1.1040819403344648,0.6935429416474095,-0.26359213927907515,-0.2522141172860697,-1.2006342589307426,-0.6054577183426095,-1.1165080619830237,2.2504426943223597,-0.5024419727692813,0.20443879612397872,2,1,normal
-2.1247255309453097,1.0384811110854826,-0.40540034197647135,-1.2398823909520165,-0.6556496099825191,0.405014055729594,0.5283123495454992,-0.9082149422233017,-0.798520586711279,-0.265695191995437,-0.609501766943969,-0.13487946245311613,0,2,normal
0.029623990258892733,-0.14383796452742,-2.9886762975212817,-0.1941284642376371,0.2167400367307151,-1.5513231811833124,-0.480182707844152,-1.6891693389099276,-0.6406756469392709,-0.665867946774433,1.764006593729245,1.283459352862194,1,1,normal
-0.40194423149714675,-0.38182071031394305,-0.2665116296447018,-0.1830260644314268,2.1728715555130407,1.8473882009069287,-2.2319389950737603,-0.17426524643221114,-2.019726851393849,1.21394363376504,-1.062731614242225,-0.0203744618091427,0,1,normal
-1.0906369489709966,-0.06537654257642599,0.056482259509090096,0.14961961786358471,0.2959570442670867,-0.6945868687842222,-0.5435165569373155,0.9946822185741386,-0.2834290331234507,-1.5824878289328759,0.27902230643265036,-1.1552454992291001,3,1,normal
-0.6397767162750649,1.87435119433357,1.4890191534811144,-0.08259303886818557,-0.8310275980547286,1.7668759081276115,-2.699140772993677,-1.416033987934278,-0.5651161763603231,0.5087698432936395,-2.3655165243827683,-0.5017091665813976,1,1,normal
-0.5130139060246857,1.4854177057328686,-1.2516878855687799,3.5152743285893484,1.7302561594949366,-0.2628490544028052,0.3674753790914243,-0.06224571413846154,0.33447706018816625,-1.2791603695857066,1.007736534361883,0.8707423940772067,1,0,attack
0.2774265989729709,1.5197228865833938,-1.1455484706113381,-0.8378040210549338,1.336993342505199,0.14838081703662798,-1.0862874403949432,1.3070563789383112,-0.9928464890558855,1.6002031095565652,0.885979734919379,0.074496468569967,0,2,attack
1.074729269903109,-0.8552781602155051,-0.5790588633609554,0.8781585832495956,-0.4537563825401575,0.8721473651677496,0.64610209202188,-0.40771973403491374,-2.249251633951047,-0.11847529225619506,1.0674183294161435,-1.211197676713422,1,3,normal
0.8501172558919068,-0.3243142924258725,-1.060909818071721,-0.15446928111237035,-1.744491026866385,0.6554849117115674,2.0992644464927173,0.6376730419454021,0.005598119512365271,-0.8487562563737702,-0.4205092504484573,0.8571793864682957,3,2,attack
0.5714672307138906,-0.04707105149128092,0.8456973502825408,1.1220012140530704,-1.247683345402539,0.41417890081108216,-1.4684733532889578,-0.2612187684117845,0.5878297677939122,1.354666136361504,-0.2045210220436378,-0.574032519046131,2,3,normal
-0.4599163766719996,0.5830534816082075,-0.16754133800731738,-0.49704283501100816,0.865771826633386,-0.6982531657471709,1.640916332935696,0.019110153175085826,-1.7237362429325345,0.9992655015861308,0.5840109825950028,0.02758757434384972,3,0,normal
0.19200849220157745,0.11052779986210275,-1.4634067409340683,-1.6952346607501565,-0.14881949876582978,0.4333722359580149,-1.2689371466929709,0.27912595407003565,-0.0995266616825593,-1.258737668539924,-1.020716813568997,-0.8227194038654891,3,1,normal
-1.437815386407497,-0.14459456974446616,-1.353873066779635,0.7855168562773603,-0.2829318465214298,-0.10830803177634214,1.892823372568731,-1.0377489068991246,0.5415647437540719,-1.3005854597208375,-0.36251730342914784,-1.1432539433943854,2,1,normal
-0.7664524845331471,0.9084907857356846,-0.7163787042323567,-1.4167917456287984,-0.5328897592743059,-0.10873720090125187,0.0605363899856959,0.027882288080826934,-2.492035633115813,-0.0337908767678325,2.5267046420113823,-0.1912895933593263,3,3,normal
-0.33770768199342566,0.47889974497829163,-2.1819677902991588,-0.8559060531131827,1.0245893678371314,0.32207805694775704,-0.8228609079376475,-0.4633802567223386,-0.9468173051869914,0.6991215887457038,1.0647379637393501,-1.504492026408086,2,1,normal
0.943268470838941,-0.47757773158051714,0.6277552195111213,1.1147561246276942,0.016284005313891486,1.0924171473400155,-0.1440041196968807,0.7235900573812937,-0.5075470375581128,0.37224692957573496,0.3990933087127787,-0.5916317367600992,3,2,normal
-1.034316286220949,-0.9197578390074427,1.0064412992482867,-0.47805859847212534,0.06285535715592216,2.1223477116502885,-1.5467682733015053,-1.0707579169237962,-0.4061242106730204,-0.0028909288362073435,-0.3610157317025932,1.7654277848392652,0,0,normal
-0.681057100781135,-0.9475362957349321,0.2982126584178848,-0.2436566355165061,-0.2328153309858843,-0.14993817757979672,-0.3316635893603288,0.7111967543610949,-1.5710731052953686,2.29116274638883,1.0798683169953887,0.5005884647048615,1,3,attack
1.330694171822391,-0.5951859685621004,0.019412546833375642,1.1830093053524524,0.24876906560093587,0.10697009392830888,0.7825760622541326,-0.31518559515600725,-1.1757559920196317,-1.3924309283630394,-0.108597294418812,0.39711547969545485,0,3,normal
-1.3578050902493344,0.4996001120936554,0.9704806873200281,1.5585545082608017,-0.23521991731173306,-1.494340407239691,-0.600999787239785,-1.6232234551018634,-1.0583822959189477,-1.0776081276067435,1.531873942765732,-1.0267155451959062,3,0,normal
0.06868497043991685,0.5383599809103413,-1.0026101378417474,2.704140339970113,-0.5767867212520374,-1.9144834175149517,-0.29975335199865805,-1.1100667431312714,-0.27408473011863344,-0.34975498880893696,0.8282014926249429,0.2756237057212943,3,3,normal
2.509634200544638,-1.1250747294130552,1.6407560852126553,2.1225766643908544,-0.18418545488180876,2.3714003868145648,0.9016525679031303,0.47365109691553836,1.9815912618218778,0.5571466313342244,-0.4346269195580543,1.1306799692769325,2,0,attack
-0.0458674396131715,0.7992937873141265,0.8320692073874533,-0.8332462370704113,0.2641296970786206,0.6514201438406984,-0.9346836540059595,-1.8293985283759642,-0.6851743526447237,0.4353038964293079,0.6614514706206684,-0.006098984047862285,3,2,normal
0.5984884401246062,0.7081000556286964,-0.6766675323011291,0.054688391794942226,-0.39482027016981536,0.6420024704520333,1.1519525232822263,0.768364754431331,-0.520814169819973,0.7060847692841076,0.7960575683037521,-1.2625353842923648,1,3,normal
0.07206996389476866,-0.6797108895682192,0.38726865971824564,1.3818108337264343,-0.7349464461083406,-0.9909846522432962,-1.6135965337608504,-0.3362755627333851,0.045190223102846254,1.875407725387271,-1.3034479794877598,0.13192554017158073,1,1,normal
0.6924003537603168,1.1282345712747262,-0.8396741950854317,0.5349664774551272,-1.5442598791153148,-0.5151606017716664,0.5661359967533715,-0.6999204316765761,-0.23896762257823723,1.0258962146456976,-0.8842890610979626,-0.9664074887470341,2,3,normal
-0.8908807342617397,0.7369220097379549,0.56627952973942,-1.069420464750526,-0.5794518386357793,-0.004532630589132046,0.5420030390482795,0.6502029253373119,-0.04071844098384274,-0.3373959634571241,-1.0247130528601842,0.25702508526530676,1,2,normal
1.0355015765912254,0.14050196056050987,-0.3343969910731153,1.1855105011409384,0.39498577446279587,-1.6776273411598117,-3.581047580191171,-0.8257300984726413,-0.37172583620264604,0.8602591430287357,0.43269161340687395,-0.5848653190573162,0,1,normal
-0.6740510839728587,0.35537419673176085,-1.1103382417803487,-0.1487072395245874,1.0017427428638506,-0.14076238999675858,-1.2616883653480164,-1.0764728907471932,-0.9524950283442251,-0.36428252928539573,-1.8587656262192984,-0.1783563693095749,0,0,normal
-0.2517053095153985,1.582766464773839,0.39355818471518933,-1.8720442820001824,0.7015814583618383,0.5059178684100082,-1.8588562022694282,0.5848714565022124,-0.08767890325768006,0.04806532346600335,-1.4143572145353498,-0.8224055434084302,0,3,normal
1.16626592920114,0.9506128185561353,0.664995998027103,-0.6435736532037475,1.2075271087112185,-1.2716992468832264,-0.8311313093276863,0.6159410418768527,-1.1944588970817445,0.04141573656885713,-1.5089764170640172,-1.7076863033963408,0,1,normal
0.6183072902740162,-1.1809829566787047,-1.1598703397340202,0.31625754600174305,-0.1421398288017467,0.7484882214316021,0.6495917949576457,-0.19888355861325452,-0.7698300696690488,-0.5436624423982065,-0.30031344206144867,0.4688889008617241,1,3,normal
-0.4208648784381515,-0.3115561653237169,0.5521904469701737,-0.1314997463492863,-0.4552471778549958,-0.6492135271567969,2.127236629152854,0.4247108719463626,-1.5150130135930535,0.22652085194111174,0.17798566068875593,0.839989546427447,3,3,normal
-0.12468868875885387,-1.1202478469539336,-1.309490625857739,-0.1594974086806733,-0.5786474174273432,-0.592712441719913,0.6352901373184343,-0.39175832830988694,0.32438791696940983,0.3557683385990392,0.5282173623351566,0.5566884550955299,0,3,normal
1.3549725393335326,-1.4182690830480715,-1.251620669960585,0.2834252218980307,0.6202044236685749,1.1585524637177953,-0.5979831874266958,-1.58105445460511,-0.35406236993472645,-0.4475192430533931,-0.553149839888378,-0.023695378718526724,1,1,normal
-0.4435085704603575,0.007680986629179931,-0.44509600008019046,0.8615345761058609,2.019836953125048,-0.12741913677141642,-0.20887420013916405,0.9025668777555654,-1.234482853643829,-1.381484394268016,1.631097511183975,-1.7900507764836366,1,1,normal
-1.4713018208893271,0.9798339075137545,1.2641678232697717,-1.5101405672557342,-0.29064943445083935,0.09796480699530438,-1.6957575538699832,0.13123436840063735,-0.4343053709881555,1.7819263890514265,-1.1580717100628726,-0.3179111147891914,3,3,normal
-0.1368638616485828,-0.5965991895226075,-0.05208132013040432,0.00023471778116790479,-0.48456453883553496,0.6673164226649669,-0.40599919901393006,-1.1283065223350517,-1.101485767062491,1.8659987473730995,1.2703463556673205,-0.3191900797469207,2,2,normal
-0.007882359873855624,-0.2639781654837122,0.28602953957844646,1.032447462615133,-0.8671495794105978,1.7344751598839063,-0.39815083465718265,-0.07394271233053938,-0.5706691260826958,1.2154400061240016,-0.7033898803367602,0.7158500767980381,2,1,normal
1.3176125171756603,-1.0006443757937735,-0.9212368018322945,1.3255113056130485,0.0427954660477963,-1.3505047012662177,1.2394401555143069,1.5730427867480934,0.525463334025657,0.721749866138541,1.7184178629384987,0.5211521857221426,2,2,attack
-0.981669904176888,-0.4183228166770447,1.1824603360271515,-0.5693653781630976,-0.862219146969435,-0.057756652595402164,0.6208963529535678,-0.047545465158280974,0.1074711490024168,1.1900623992381147,-0.9355463470937992,-0.2321849223646898,3,0,normal
-0.5557471043247169,-1.1574352304126365,-0.419452347724555,0.30631894243619406,0.6628280367363588,-0.04191609736737615,-0.10691037313348492,-0.3582266413135029,0.7613849939030513,0.2815850636074665,0.735983811115148,0.12534411036697027,0,2,attack
0.34135243322877284,0.41442099315578124,-0.7560921681971957,-0.32759838069495983,1.1262873924742143,-1.0882972783305038,-1.169523126336465,-2.2134835407620015,-1.916308495818365,0.9976375309771556,-0.8785300267200412,-0.9916232063100827,2,3,normal
-1.344270021826755,0.5647413395618892,0.5649455803608019,0.4805982592823423,-1.480191567451864,0.886841321355377,-0.1522252488979244,-1.556678822948827,1.7718650660301067,0.6654848502523993,-0.17348042648664228,-2.5863353369672994,0,0,normal
-0.6245193943921572,-1.0927748882376678,1.9750684095122781,0.2962289712203769,0.32728834158421516,1.1124255385347752,0.704718071542813,0.2412281976685083,0.25975126442741764,0.7621177904421857,0.26507746007378385,0.7179544871201153,1,0,attack
0.349108481420714,-1.4309920321833003,1.2116831523659573,0.09499612723130064,-0.6428153560349561,0.7174182849699821,0.27822775115661835,0.4567312414979758,-0.2524109346859542,0.306041274086141,0.07569026525791853,1.246496198080199,3,0,normal
0.14127208937799587,0.5407992076671804,-0.2571531146952919,0.2132831770998754,-1.4268711139122885,1.0814575125324313,0.7744039285786324,-0.08961350517270841,-0.6252567951064051,-0.8715721355915923,0.4979292157349362,1.1913657688476482,2,3,normal
-1.7304737378006045,-0.7770669068547782,-0.019755906295127492,1.331894886777152,-0.5825221914718479,-1.3532396067587127,-0.06632105213230037,0.7434265701018388,0.48780227767765183,-0.47494444786368234,-0.6206544647203652,1.886694579026206,1,2,normal
-0.6643636786587717,0.6786421183359251,1.2620521001148828,-0.6045858824148683,0.92112397091449,1.4318671250378912,0.3602201429031406,-0.31243805778336353,1.2441085065252524,0.13437394873924835,-1.566959029723232,0.1675498484728229,3,0,normal
-0.21167111216596718,1.8320255159330412,1.7759734554738984,0.6090333567384136,1.4646167672906878,-1.6394655611615223,0.8849915012364907,-0.15324624529368144,0.6244221799241819,2.255639363586621,0.369951334665881,0.6927889993700005,0,0,attack
-1.3649352753637567,-0.8133892378552742,0.4583137716514298,-0.7127825353171753,0.6258529025324092,-1.526604589524195,0.9881514827147024,0.12167445158332137,0.2985668140621438,1.1254356043338585,1.1605888727090594,-1.176364343163735,3,1,normal
0.7148020066849606,-0.1612398768446068,0.8412636843850019,0.16459379310195518,0.7289371475659061,0.628169341639009,1.6188997534048168,-0.15370540600795343,-1.7950497050617291,-0.2527368647747675,-1.6716958712858225,-0.28438597972776364,3,1,normal
-2.066068788924712,-0.2337310606522887,0.4047188612158508,0.6815529513509404,-0.5456059736597328,-0.9844368929152972,-0.25023072431896515,-0.6595793966964963,-1.9653828164098206,-0.6901867886382752,0.12808621426088115,0.12040571921377552,2,2,normal
0.7243718711525616,-0.04204331621456979,-0.0528901680167069,1.2451140476258682,-0.6545636111604037,-0.6578300668496158,0.20590956456727025,-0.3213795607557374,0.9045409531621655,0.5195318771465641,-0.5012941502778552,-1.294910272264806,1,3,normal
-1.5711563921369822,-1.434291337907656,0.5380190414003125,-0.20625980417187237,-1.4045132188527065,1.007388719330621,0.6161753766539134,-0.40734463206527094,2.2128444528711464,-2.5273470536457294,0.818074312013642,-1.4883169235638103,2,3,normal
0.8146980568294016,0.9443775423308319,-0.09568246031069712,-1.2087331695905006,0.5914310276920964,-0.7514218567204899,1.3685887587323655,0.05839078315359644,0.48076363063500743,0.24097414822596902,1.9974847902509387,-0.15712854135598137,0,0,attack
-0.677918013493378,0.7899277707986088,-2.597177327290268,-1.2603972994016754,2.0478929688007814,0.6514371678009465,-0.24892636536480947,1.7901357904540733,1.3542093901422698,-0.11357893010631834,0.12494121683014951,2.0018007461078944,3,1,normal
0.7659232053272835,-0.001826294855352008,-0.7959330721974692,0.2735986608009319,-0.6404543373024983,0.89946332104749,-0.9493279271784302,-0.711565977750804,-1.203722533622086,0.48119324220543147,0.12534528757804225,0.43405050519992316,2,0,normal
0.5740418529664822,0.43885736799423003,0.15629436903445035,-1.3952192334893045,0.6526256775848577,0.30170354621953704,1.3966475723408456,-0.4429927828915219,0.9223523752850263,-1.2475612515274148,-0.3642388676950252,0.4016087218513613,0,3,normal
0.7462263663555389,1.9094035729700574,0.811870839860335,-0.7739731867280943,1.6895459562600288,0.28034408126717697,0.5748694495465838,0.3324696489991471,0.2831739605943043,-1.114708636920354,0.3116356966653044,0.5708262338058466,2,3,attack
0.2801498171915343,-0.20376883658269812,1.4907519119239474,-1.2270627299207286,0.9523557511697688,2.1208766749229735,0.09185790311777287,0.874203980480462,0.30054268721170724,1.0067567499975196,-0.08239651072222046,-0.7083486438237984,1,0,attack
-1.7306391422484984,-0.6918443797597011,0.3259437677959624,0.22583156654180475,-0.9619304793652244,-0.20524337545664478,1.107093570352089,2.0164336826798595,0.048427550317378464,-2.227403907822297,0.046916794801649175,1.0385283943122134,3,3,normal
0.9485998065372853,0.021349792904280636,0.8226803973567861,0.02259899477737197,2.2293497125926,-1.6076779918449473,-0.10973917289038056,-0.7516848096296356,-0.9617203112861996,-0.8237960653684457,-1.010933074763331,-3.437374348193563,0,0,normal
2.453739266590929,-1.8155740399984883,-0.6710799696278699,-1.0444709931467053,-1.3447735428143255,-0.10705796186390287,-0.3968381444892917,0.9143421948623202,-0.8704838180740216,0.04202418084873901,-2.027448203754628,0.23627430440908756,3,0,normal
1.231246210650569,0.2096293480948681,1.5581493386387288,-0.2800475748181321,-0.16289568308628385,-0.48275651037211154,-0.5055590532652673,-0.4893285807039147,0.9751753812892218,1.7179828517627902,-0.15941053569279667,-0.5442495320393549,2,0,normal
1.2843778314535572,1.1356421087379198,0.9785089640918364,-0.2132814219621667,-0.7778759089011604,0.9268456797413732,1.8979625985348472,-0.04392557447194128,1.3597244891430966,1.3578285219546276,1.6056789296829537,0.09242496696530716,3,2,attack
0.9443300745887696,1.242252380826714,0.8478609826108273,1.1556474532808254,-0.2576313821887605,-0.5576638413009817,-2.9645615055065035,0.7499019386034944,0.3320485237982996,1.0409934815336048,-0.6363111166274309,0.7214289240058418,0,3,attack
0.545941870485341,-0.2852204491310326,-0.4504912377635052,-1.3085868503673113,-0.37175144519893183,-0.4297150720144806,-2.0140857425194008,-1.640174008262862,-0.527738958105731,1.8170419217808347,0.49986251120487224,-1.6603869753912204,3,0,normal
-0.9023976946756312,0.6849310796605824,0.8469775109842106,-0.12774751123591865,0.14168353856093968,-0.7525700193206385,0.9486411904548936,1.5202286283423392,-0.308405121278449,0.024908097739594688,0.4145015295136461,0.8656759797967971,0,2,normal
1.341778198443712,1.0844231793851413,0.3428015712590603,-1.221125401725498,-0.7250091666388743,-0.6279509265332365,-0.37321640533708006,0.6398294602129683,-1.3819267925566492,-0.6961929611882614,-0.21950390656622815,2.1533286909970863,1,1,normal
1.5257397144804514,0.1803750793208654,0.23976561795585247,0.3724738010962332,0.018918171928123617,-0.38730444083132176,-0.11566597084780737,0.17177358333694323,-0.2003020074386822,0.8779725690919888,-0.7700928873274894,0.3340708313565172,0,0,normal
-1.2898801807163716,0.27493178750347225,-0.9117012194140883,0.17187880599462682,0.08578624339659911,0.7400694146026406,0.6114900337773888,0.22060185679626393,0.9041506887124675,-0.6415736258138213,1.7793534429420772,-0.991112991313798,1,2,normal
0.07795738019705983,0.11341226674210261,-0.44440372474941137,0.8583392898558156,-0.68672750616826,-0.2888559121205407,-0.03758298945174888,-0.5933402429712638,-0.05373797252464853,-0.13908169271873105,0.9354455852456409,0.4635970895292349,0,1,normal
-0.5012953665719035,0.10233574001494551,0.8912182016483846,-1.4010383786048233,0.35088581470163094,0.8991418236448898,-1.2511948840664422,-1.5893173940356866,-1.1974335856655638,-0.7862857514430414,-1.8323929223157287,0.33678533929752547,3,1,normal
-0.7761966610385738,-0.9289223102302724,0.13574256206055943,0.20157409698983578,-0.1629021759899269,0.005208889651158319,1.1055873493271617,1.3031779868655164,0.8022020964498963,1.547750999507341,0.9842532338992145,0.6242597145950087,0,3,attack
-0.2942664266121741,0.8045164917678059,-1.3756393101692834,0.2603883666913679,0.2178385602895997,-0.5846776226902225,0.41137188131557223,0.3162764444637259,-0.8945268503190162,-0.5908030882210925,-1.7017291351707675,-0.06660418657020407,2,0,normal
0.813918975305362,-0.8381495052842517,0.14635271004618672,-0.6839922433552154,-1.4186928419418714,0.762197108235124,0.153352436498459,-1.460463650693692,0.6697451017597918,-0.09554713785032543,-1.4961470216037172,2.0326390161131522,3,1,normal
-0.9889539339598292,0.9710891095454525,0.834418033579682,0.9646063912951367,-1.2991751875690882,0.8167777025530903,1.911759300260273,-0.8141737881413824,1.4399550144520932,0.9593702313666876,0.10465315704213202,-0.5261264003760111,3,0,attack
0.18942776454484156,1.7245005724011564,0.052978089165625845,0.6656498341864859,-0.24358541852404866,-1.6766262275937387,-1.9859886395099042,2.0262070596588324,1.997816097717579,1.0407517509086168,0.10386705030964737,-0.3772597403915931,2,3,attack
1.7055130393665738,0.3098386654451962,1.2322403870943281,0.9635206757789737,-1.9670072465136907,-1.4023236857722614,0.9872641941775278,0.34990627226804233,-1.2529421934324196,1.07489019372779,0.7120838764074044,-0.1896956801841551,2,3,normal
0.8827675336983533,0.17814830268364157,0.6440597232276837,0.9567755939109078,1.7166448923972382,0.2665452476398105,0.8412167996610856,0.3676512812919442,-0.48115598348009153,-1.3779098640057466,-0.4979660031859995,0.2510290930242521,1,1,attack
0.13459809355249291,-1.0815069830778943,0.07838390038234411,0.5819591310919257,-0.11674594388606283,1.5085017779660088,-0.40214594761787387,2.1876544067615633,-0.30856390950933543,2.631798041376973,0.9532379421666799,0.8431394266254486,1,1,attack
0.7828518878435048,1.2082603149795468,-0.37381137221819366,-0.4172827490196461,-0.6368322764222679,0.5110769046846243,0.4183606368532134,1.3345505653442107,-1.6811505321157498,0.2108686956668494,-0.7002531860493869,2.2310384858240897,1,3,attack
0.5411004095286592,-1.6785982788581928,-0.7729353801592744,-2.259439123114161,1.665267217511353,0.07033018189672818,-0.7423505253930444,0.5945496603283448,0.04407802687850314,0.04451823882945277,-0.9981598180894541,-0.2247785389419098,0,0,normal
-1.5630654792103726,0.6692741584972679,0.2852285561540693,-0.6090930091364468,-1.4952094223785897,0.2415391439598914,0.908328789633844,0.9364398795168116,-0.6616022238987503,-1.2516397221463456,-0.6636719016293892,-0.6487501412361177,1,2,normal
0.6413172879683694,0.1511147053667124,0.946842305812512,0.21037551754778905,-0.05660666945044267,0.5124820073453668,0.4416719223275038,-0.41868752270213805,0.23014470372681498,-1.7206233247763212,-0.14237767507294238,-1.6610782735102245,2,3,normal
0.5585812750648113,-1.3587368292462143,0.36718925142190967,-0.23002169879005205,-0.01473076188004292,-1.79818772909487,-0.7871885127366105,0.696100155820628,-0.6653822032448592,-0.8013836502249855,-0.9139455239261339,-0.5393409382037574,0,1,normal
0.9522002284025194,1.4816596188347964,-0.31736707350422916,-0.2819900332267507,0.16115759788422365,0.05655093265152265,-1.1303805190098128,-0.42716020173558455,0.11788849692544823,-0.4343112823063541,0.436201524722319,0.8761758530376582,2,1,attack
-1.0737426820645835,-0.8964106554289171,-0.15752674314539844,-1.417396472218947,1.4197196342933542,0.15005149452876013,0.3700031267173032,0.848218450211615,-2.1193263532493436,0.21537716929351777,-1.1705447796459398,0.11146556644536758,1,0,normal
-0.09766124492816916,-0.7083828819616358,0.05224232191323163,1.0869102549853602,1.2308706927911472,0.366941916504382,-1.3361382040442102,0.4709159620912043,-0.6980019174158957,-0.5213419352232218,0.549510464090018,0.23899952886795603,2,0,normal
0.43489156010496005,0.618602998582794,-0.04738666522764582,0.9220653709652317,-0.14600265548504124,-1.581469854742392,0.7768673166947336,-1.1379556858493611,-0.2516397441110206,0.674803582133759,1.6091485509297114,-0.46924492916071914,2,1,normal
-0.8608787226012455,-0.446084922536808,1.5953093604026458,-0.025038637925036637,-0.052160511529873096,0.1927769276897469,0.30671709055139484,-1.4527246246391745,-0.032541790381874096,0.7230873708831597,-0.379197940499178,0.04286501769448204,2,0,normal
-0.008510697146141277,-0.23404167255454106,-1.019199023537912,-0.410419660597793,-0.5499672141732829,0.6811966817936091,1.679595183506874,-1.7295615517975818,-0.3059523423030996,-0.1998981512281249,-0.8795752310167043,1.9142720915951088,3,0,normal
-0.2490132264748374,-1.6342717510829898,-0.7362284065240072,1.517039205204639,-0.9617111568000515,-0.41773542838601635,-0.9679214193820266,-1.2929150663104048,0.44700378632629495,1.0502732078194015,-1.3563650649191912,2.159780462551286,2,3,normal
0.2043944400803219,-1.3524572697617026,0.5311573340987649,0.1461771989209906,-0.1525732065472638,0.38687106608640404,-0.1505006004698667,0.32303364183097694,0.5870336300459883,-1.0081749789586565,1.8506421521703498,0.3471669019297986,3,1,normal
-0.7443764433247934,-0.7760096215203326,0.6002541916614906,0.007354555728861335,-0.3661341171449058,-0.8408964233908521,-0.12364009695503372,0.003157417693435505,0.29109859696042534,1.2988826403484466,-0.5883021826468912,0.024599900213329317,1,3,normal
-0.507661332279141,-2.07883988953369,-0.7715622242623658,-0.482078170103035,1.158979303033438,0.5661719226681458,-1.90412572669356,2.5419471964848617,1.3141109284491455,-1.010596785539272,-0.37840513803317055,0.9073768194235522,2,2,normal
0.19437909800382336,0.08066657715536142,-0.13067051690975898,0.9287979791452724,0.10577953542135501,1.572752088510572,-0.3306256657464614,-0.137658210809381,1.248017381106074,-0.3569822744172863,-0.39151645493246073,0.11405983379301561,0,3,normal
-0.6756845061297864,-0.2603293468058841,0.011763444484923708,0.31024721342857225,-1.4897190566255276,-1.0536860332424718,0.4104725001094513,1.061208571735747,0.13068884642351183,0.09246543872040161,-0.17795105332264421,-0.2556055637270471,2,3,normal
0.7964846150743063,0.18933548366717207,-0.15294639692197645,-0.9819529425362522,0.2577472414721366,-0.7171928089689413,1.221279946443863,-0.5402008971887334,-1.9294577172024343,0.6562190263921758,0.009425188573877164,0.40485764456916773,3,1,normal
0.10060714540120133,0.00960815105559534,0.9852503428075814,-0.4346948314898249,-0.7917826216732137,-1.1782691810168626,0.5125410597279569,2.247902636572048,-0.3199979393649132,0.6001683813518879,2.688657638705762,-0.4168320496327868,0,2,normal
-1.2195325616037973,-0.27196257052209244,-0.12382361624407519,-0.2792752895394158,0.0699571177349819,0.5065913157707783,-0.03287492078308058,1.3623089059411249,0.8437829279353246,-0.2355505954983909,0.48096122572102107,-1.8867434265053662,3,0,normal
0.7356290435126569,0.791368158110757,1.4436070421747702,-1.2720156703663075,0.22811302065052125,-0.16278632097967963,-1.1788339488256296,0.6671497124001393,-0.49367730768376206,1.6866116585558022,0.2866783994883176,0.9676734767325156,0,1,attack
0.36758449229353507,0.5819835843073151,-0.7781306860637247,-0.6375201832338894,0.21210678231668337,0.6061693366327902,-0.774610894006498,-0.3919166316655005,-0.6526687390690707,-0.7561736333588925,-0.17245489585348162,-0.9185328899694373,1,1,normal
-0.6521223983313132,1.175993529140582,0.7928650664644594,-2.584732219441261,0.8724985519396175,2.144177388756713,0.30919415837716,-0.14531459272896602,-0.3288798459148779,-1.6201695799444222,0.28148760920361743,-0.7366577881516895,2,1,normal
-0.6609397062091579,0.8116703070632323,-0.35117794466981284,1.133619027858173,0.9291158663217889,-1.4951815225686287,0.8574861019021585,0.3459151665948634,-0.9261451024366406,-1.132931953429521,0.6433542448856374,-0.13232508701898624,2,1,normal
-1.030049471185217,-1.1361420912545332,-0.8215627211886185,1.456327836497107,0.4883660657856054,-0.7525003082018094,0.5486193460448099,0.3206073805683246,0.17308864547623706,-0.08018331571582811,0.10574878117628243,0.4688812721294172,0,0,normal
-2.1107283664184013,-0.8498322091456901,-0.9691680819131342,0.30299961913015033,0.020099497443399107,-0.41213113704818166,0.7797474558457899,-0.4813058115732561,-0.5831962454635035,-0.35332587388352077,-0.10011349859129741,-2.4216024083353904,1,0,normal
1.8543188943969064,-0.09486280440939317,-0.08822376861194328,-0.6129753712102131,0.5339863222361336,0.7223694244217909,-0.2350976089862946,-0.09296324150974547,1.0860428145387422,1.0170141239761992,0.6070829822976616,-1.1732497520263132,3,2,normal
-0.35415276374516086,-0.16290850607143173,-2.528321633788572,-2.42386587425904,-2.2347965909907637,1.1252228134950326,0.3905772805381711,-0.49308210682416576,-0.3375354559713025,0.5250581877915694,1.347457841514933,0.1026401737392934,1,0,normal
-1.3429848957767725,0.22734385538774526,0.5325164527537123,0.3118560286205779,-1.5768168925906025,0.09872088909363506,-0.760080912128545,-1.2425997145951828,-1.1230262464280003,0.1884478553368893,0.2826761225868122,0.2287913808584462,3,3,normal
0.10168854807263554,-0.6231782889161969,-1.6573896523923968,0.9150763085210104,0.725100314368052,-1.0975221148848742,0.9803528557697546,0.03663575595415612,0.2139527398492248,-2.087442826629831,-0.645428987584379,-0.25877619691425136,2,1,normal
-0.6014816471967581,0.13881891434458762,1.0271062168437193,1.7260625592570196,1.3405246477904085,-1.8486852268125646,0.9282739658412243,-0.9288073611384903,-0.9562986669415902,0.9692412463356475,-0.4085544424995378,-0.01590579827426581,2,0,normal
-1.395991480387286,-0.5963630548329195,-0.1950762106428945,0.5573872122580361,0.7799300838916171,0.7999055022824149,-2.3723947879324165,-0.43733770950274015,-0.5496775340625194,-0.8992251002114899,0.05567741247557084,-0.34154511042106955,1,0,normal
-1.0132840649455341,-1.0851523051706253,-0.17967203311196123,3.052231386767973,1.261638021356821,-1.55128524828591,-0.22579646418968927,-0.10185691357419271,-0.3286079859913521,1.2231669806344572,-0.7449787207799673,-0.3933009318809909,2,0,normal
0.6367225077662315,0.14826468526606076,0.3222700566355302,-0.9908251313626919,-0.5903570721552005,0.7168723399069047,0.12277993968490315,1.7063571484710522,-1.9255892562372794,-1.0627613607351118,0.7382596774608237,1.171613200955989,1,1,attack
0.6357224800408466,0.444657902827834,-0.6104984220369811,-0.4198861972972643,-1.154310952702049,-0.43492825621128545,-1.4230298866700908,-0.06871493373383983,-0.678745029031778,-0.33682355454974944,-0.7921134679361428,0.6348734556233275,1,1,normal
0.24616960266766968,-0.9264297243577214,0.5467269970008743,-0.12778073159085135,-0.787955931684334,-1.5427920281145777,1.106034372432391,-0.7040650217712853,0.8729020481300053,0.702884480550116,-0.5124609473658515,0.21332268632756285,1,1,normal
-0.8109556124316868,0.06701767224484874,-0.6232421255584512,-0.6197301887966788,1.2472995621962724,0.5354575852125419,-0.25831041335749644,-0.0607878654847261,0.9075431244634803,-0.7924400173851032,0.08911578779719151,-0.07262386815394617,0,3,normal
-1.2196005962078078,0.7629538608592292,-0.519105062616069,-2.105761203483933,0.2335148471858424,-0.3480256425624597,-2.0293730693322893,-0.44912902057912235,1.1829956634495826,0.2122432842410226,-1.0391325988417246,0.4963246884591463,1,1,normal
0.039002459555766415,0.26101410762312294,0.3726241480504551,-0.9758148098961515,-0.7346268856613358,1.686945864991325,0.9467545575624101,1.0633584784270242,-0.43855987363061977,-0.31234120507058183,0.3707808893524215,0.8473359056107227,3,1,normal
-0.6781270149034262,1.6390654484297973,-1.6360636417468282,0.06832397275190352,-0.4644352262430952,-2.313702881148091,0.0996187012831384,-0.33554597818493165,-1.2835894968417716,-0.49260160375329365,0.334978763550788,0.8991984427502839,0,2,normal
-0.7283117104275784,0.3193798582257817,-1.398144721776974,0.24422457478792856,-0.6623171045433249,0.1926801635650351,1.4639551045125097,1.0114812559186448,-1.4661756066985037,0.032196579349166476,-1.0437942283343786,-0.40180028850772215,1,2,normal
0.920379340262068,-1.2751681059352902,1.1560321369927278,0.6121923939500522,-0.9438967090097541,0.5280127584220831,-0.39771592058954236,-0.30933231672616074,-0.33518930157519494,1.7059288787469704,0.42246497472955835,0.2822346307316005,1,2,normal
0.8475445630547421,-0.5107381506201698,0.9893272306781035,0.22857119468989354,-0.757334122262552,-0.1332228140863285,0.3771557566792741,0.156029713252686,1.409783459508587,1.0410090830861523,0.5070794494282914,-0.19167662898154136,3,2,normal
0.5737528728373142,0.2559163572268682,0.1545223884712366,-0.8985414803832227,-0.9158693376388828,-0.4587960496146565,-1.434155675883436,-0.8218496057337381,-0.49809581276957726,0.8068834719506484,-0.1914396221392661,1.882067814360395,1,0,normal
2.02642654853321,0.13269987673273137,0.5473935602234606,0.011012961453311829,0.14204117761173707,0.44471712063622326,0.6455570639534126,-0.22375167047729116,-0.7657377017021397,1.0948899331582866,-1.1347596419598862,1.0349965329285946,2,0,normal
2.2693255955532585,0.01433625043468677,0.2221206263547457,-0.3498628556700853,-1.31207077707457,-0.3439350078951799,-1.4644281565344086,0.598533543652333,-0.37991845434935184,0.7075567804654577,-0.4284152326069896,-0.6175213384832899,1,2,normal
0.7175555789322932,0.963122538286636,-0.8046261662435815,0.473508223829085,1.8048964384650916,-1.3018640223889637,0.36391047074540345,-0.4128656651635343,0.20634622761925414,0.7652321267770832,-0.08750425798358243,-1.1835444576504914,2,1,attack
0.7035772783911963,0.0031948506695228434,1.6641028615217228,0.5861805591085889,-0.009012515525016022,0.603186622886229,0.9683359559655181,-1.1506344688338876,-0.6328221892013063,0.5242749265773894,0.49495363713316554,-0.540129174330171,3,0,normal
0.20116741166303734,0.693320827457601,0.15071745146024365,-0.9227235212881838,-2.4816009219203274,-0.5550246660859978,-0.13905848290062625,-0.6007250860471751,0.4015187098373784,0.3920104701787917,-1.3169698232108231,0.2714623387588419,0,1,normal
0.6502642718009625,0.820231509698724,0.15880041892549804,0.19060493751648283,-0.5616696413131995,1.5121755941688018,0.6243140083912647,0.4308313392022671,0.5046810286463902,0.9516753938825887,-0.4496890471544036,-1.6766451195616687,1,2,attack
-0.9857647759031671,1.507268528907216,-0.4907246281541997,0.39119503248607596,0.36392537068372616,1.2830385687911532,-0.021454063234864124,0.9544149680020284,1.1502054524614582,-0.493354995401521,-0.26320535635737113,-0.005825854530677298,0,2,attack
-0.5565079362885915,0.06644608620645454,-0.13397294500323362,1.3430653482209547,0.4405785411918713,0.898061040196631,1.3392283111788021,1.742157713822912,-0.5185353785190183,1.3169150422372622,1.5428859987903067,-0.5633518095681308,3,2,attack
-1.5507257423456264,0.33616301398916754,-2.4265226890631,0.0962411663086354,-0.34563877777634977,0.4715929255618994,-0.8618130432791882,-0.15126460286118798,-0.2626111086080133,-1.017509472292055,0.4911257354358306,0.49584435924699766,3,2,normal
0.8812115694535307,-0.8996461863514232,0.05730779006743262,-2.4146807543134385,-0.6537751604036989,-0.22865913004593175,0.7416161086916873,0.36504934564383945,2.176434176808426,-0.4424363873635637,-0.433485068019283,0.13085383889625835,3,3,normal
1.5225075045323144,-0.5360072365996,0.20781808381358396,0.4782636425640509,0.0018969808975171174,-1.0973841185206548,0.04421420065731234,-0.5367876055654053,-1.203856305787125,0.32627424573632363,0.2900892633680702,0.9023067959503969,2,0,normal
-0.71373407839067,-0.7954223764913619,0.8638952315350341,0.2634651329996323,-0.6640363297108428,-0.7424986451962984,0.4949094332479483,-1.5228839670236733,0.6653222218304938,-0.5417409336648465,-0.7502013896605516,2.217967703083296,1,3,normal
1.6968296572459005,-1.8418912478025655,-1.3322573965759905,0.1573347859616204,0.8109158174750212,-0.15508685138187847,-0.7916611403900695,-0.20835240729656643,0.023877975742761844,-1.3236037545145714,-1.4282993766211867,-1.814246166114873,3,0,normal
1.1181377556032297,0.5441264961525987,0.5208126223491739,-0.2480335541073585,1.061446670479587,-0.12211714063580925,0.8371084218216394,-0.9892502176148581,0.4746567099892713,0.5621856408288486,0.45649627416441,-0.3001928473311766,3,2,normal
-0.8147039813062169,0.29216816953609026,0.3923859856077555,0.4704263071110425,-0.17530793092821315,-0.06319497732578538,-1.181189590617893,-0.6103382988914529,1.8911223810506963,-0.03688069064079876,-0.12319387783635709,0.49487602529695124,0,1,normal
0.694663402108502,-0.9345430374804372,0.4044673193532302,0.02155286588584674,0.12139076619063033,0.24860467137986955,-1.9412561019427255,-0.7333775827355468,0.14515316225095148,0.2863276505677839,1.8049774011152,0.6929701711766587,0,1,normal
2.100512632169816,-1.141716297797416,0.8945840906104625,2.1055162321936454,1.087884005844849,0.7466199127644699,0.30334942126402237,1.1540769274633311,-0.14330458394607032,-1.2913925378809312,-1.1143113900114108,-2.6467530640218735,2,3,normal
-0.2993628384359604,0.07187499888508886,-2.2759064782884773,1.2556451407776847,-0.006975847185696027,-1.0466249834612087,-1.0381497236702597,-0.6164318600668423,0.8870435647012113,0.6344031842356351,0.014668695932968386,0.2621220461781062,2,2,normal
-0.5260605118763604,-0.5662207661813505,0.4552841412448802,0.13761112030482792,0.30671754227104386,-0.15259807236348608,1.0751246686993217,0.6112599468873104,-0.12725651664198792,1.352239208004144,-1.1780711963197592,-1.907690713788285,3,2,normal
-2.26994884430131,0.41488193405378504,0.258780163364513,0.11864996335060213,1.9836607348240058,-0.0017782624947982146,-1.1138381868887255,1.2271099900219977,-1.225952653412413,-0.9950424851516135,2.5770774632950766,0.47028352449931515,0,3,normal
-0.1366187245034638,0.5000288783476873,-0.902641470919335,1.3449231281099827,-0.9755756948960843,0.20461656617964924,-1.8664129932157103,0.2583198324122149,0.6767524149925961,1.7670009456376161,1.080941678740472,-0.2768481976454495,3,2,normal
-0.009920775387304057,0.18877435158567052,-0.3891328119963117,-0.7086797245282949,-0.03377784970206205,1.2693451529295483,-1.3973846519638657,0.05203644598574657,1.3305588123999492,-0.913234063950181,-2.074799051252188,0.16550922923471184,2,1,normal
-1.8417322929518822,0.4032266899500719,-0.38586783018666787,0.27835037729406925,-1.3264114975910377,-1.5948868912955105,1.6098421637105909,1.4977022512849767,0.582912009124753,-0.1791289715166078,-0.39957178118804165,-1.3211152052937676,3,1,normal
-0.21115395289792643,1.3422209343023153,-0.411652581797183,0.44046697291297027,0.5939656773622859,-0.3439713087713806,-0.8422416663213766,-1.0891661172915637,0.7314941580002678,-2.393354685773091,0.7122918128933036,-0.45228038794209147,2,1,normal
-0.8364062865300798,0.7452622978220133,-1.1447513550761435,-0.008159158919000419,1.3893970563650704,-0.6539663390544836,-1.5288227701423827,-0.5401850925682506,0.463682604542591,-0.8387662266734922,0.8209613011241471,-1.9519225583365138,0,0,normal
0.602363660925594,1.1600345366070692,-1.2002955699473496,0.2011302678535186,-1.232475695476971,-1.8556250865411332,1.089920533365501,-1.0736866666660785,-1.7001568916974545,0.0590498342265624,-0.07303572350899128,-0.6169115650954896,2,3,normal
0.33816238420059946,0.7281429956312402,-0.34323717910415213,-0.6375227020258114,0.3462565515070002,-0.31668722673607486,-2.758924036734499,-0.6078175464927408,-0.28641604034996665,1.5734847974411692,-1.7430694970655154,0.8668609363625397,1,0,normal
-1.4852199975400249,1.0198637405608024,-0.8475181151322198,1.0717373199326237,2.205044621688301,-1.016254594019138,-0.8465945271950512,-1.075239364397207,0.2808539204983079,0.9269531296341157,0.030522540804426214,-0.8632762977619883,1,2,normal
-0.9843437139254279,-0.8874939341620112,-0.5743771912678919,-2.0820534061604845,0.7994986235617292,-1.2863510378840741,-0.19827502311945197,1.9688854980747266,0.04322154888348019,-1.4204957124651667,0.8141272453071235,-0.13888402532366653,3,2,normal
-1.3216724734025391,0.7133013498802478,0.30080203344310497,0.8742365342479128,1.2083371049730771,-1.8497591499205734,0.39156232242618716,-0.9889009533166213,1.1142174990182427,-2.116774768494276,0.2053116145683542,0.6275159265601066,2,2,normal
1.4528453660311462,0.3403625210366926,1.6723340270707903,-0.2816423278214016,-0.8444090850755841,-0.5554371100241958,-0.6569538920833894,-0.03205370974557318,-1.3995643091643928,-0.26199847749979965,0.22897536787510214,2.2054465510303687,3,1,normal
-1.3800072549913696,0.17923759744086476,0.7060192537427024,-0.594394141810148,0.8994787772146008,-0.4625140696607214,-0.42586577700045936,0.9505610622607781,0.40955845679102865,-2.6925552194674682,-0.8892547938735992,0.05690656997427327,1,3,normal
-2.1808612698214036,0.8849286634943763,1.7379999622261841,1.345015642996123,-0.7398999238119222,-1.1338055676470047,-0.9334098871217539,-1.1594788766805275,-0.9895120533278434,0.051860701155062805,-1.4421113023308751,-0.05188249137615008,3,0,normal
-0.3810904908358079,-0.17780370593696165,-0.2070322129776969,-0.2056440625710496,-1.074488847117824,-0.52903096371948,-0.4655523748540283,0.2966440503011548,0.10354235492975715,0.5179574318647949,-1.0843313673122381,-0.27669448825532234,0,3,normal
0.24075175348878053,-0.4209039190991642,-0.05341760240886811,1.175730457831695,0.972919116807268,-0.6890556575290985,0.21376489583082714,-0.9614380581363439,-0.23620382815472388,-1.8232094092503357,0.1380876136880801,-0.5582229678930792,2,0,normal
0.18750304589332545,1.088669167588051,-0.1852196913700992,0.34808557502178655,-0.6225583487984963,0.8231243120828926,-0.09000818563146103,2.214151462913164,1.5863391107002063,-0.7508538039206067,1.022704673296096,-0.7448840088247869,0,2,attack
0.6145769972375734,1.664807666361823,-0.1144595625618286,-1.8706249493543206,-0.3649050987885684,-1.0385714628494243,-0.6524099899733498,0.7306172821510084,1.5178256781830217,1.1183619288762952,-0.4352159425617793,0.8617055431834909,2,2,normal
-1.9616863425891111,1.935039001179251,0.3893864559822331,0.0849532691841461,-0.025367518402389762,2.3657078563219067,0.46525042402371003,-0.66233242416688,-0.19175395349715976,-1.168508284994859,0.7196450093749716,0.9116071692844208,0,2,normal
-0.9593134517786802,0.42080066383631465,0.0011252787019269436,0.9577606635335534,0.905377786366139,1.3461061132904588,0.1538736398264039,-1.474967184058122,-0.7141225800078878,-0.3900792664713734,-0.8389396207464735,0.42243657691613473,1,0,normal
-0.4692346324353524,0.46891139695619205,-0.5759272287268923,0.03675569431328988,0.8803639736276003,1.8288582887394,0.7739904727997358,0.23710218673247102,-0.6029988260356521,-0.6276271072217391,0.9718220520886703,0.32757791454192947,3,3,normal
0.9575938670803171,-0.10419078214652557,-0.0652328392881476,-1.133159366373237,-0.5589753415260496,0.4731574122177849,2.0949639094390573,1.7082808844026325,-0.2934217402866291,0.3233163047381494,-0.9618260891726299,-1.0460472491853152,3,0,normal
-2.016895721638946,0.6682729003538502,-0.02965369117302389,-2.6599673359029987,-0.3781824981540948,1.8413218167375578,0.377595786375407,-1.376608239510113,0.49145284855221816,0.5521755490988697,-0.8120038494870842,-1.1936680689255854,0,2,normal
-0.28908273434005666,-0.1599242090372671,0.6932158082486389,-0.9345660892022095,-0.38202975282335505,0.4205614007619607,1.2135936777498413,-0.15033406637046376,0.3681028742265312,1.6644284018652284,0.7498975231901861,0.7924310852607254,0,1,normal
-1.099088377456123,0.3828157069915434,-0.9240421389287079,-0.8733035529414535,1.030654655036226,-0.7383334624721245,0.24307113836117197,0.12703398018774112,-0.8855676876557224,-1.5777984192866106,-2.4190312788558646,-0.6329129377708718,1,0,normal
0.1181587414365997,-0.8290814604932984,0.675566601583596,-1.0617122762307047,2.365338078258843,-0.9398740324272533,0.4971435626873982,0.029130179932481414,-0.25424852364827066,-0.6807926965465045,-2.088305003300708,-1.4271820184852477,0,1,normal
-0.8761073764124225,-2.142214896063465,0.5375691884839445,-1.5116999414390495,0.08990854766006201,-0.5188595731347899,-1.169545407298827,0.8595286680170211,1.4554635785096566,-0.9117651938061874,0.4076433237054968,-0.30787983783074524,1,3,normal
-0.11664643314589532,0.2960209671102217,-2.2076152367462427,-0.9984797832660119,-1.0271902481554755,-0.35448054059934175,0.4611470655385356,-1.7815099316127019,0.6984557177105006,0.2206312928302522,0.12852631220007732,-0.9279830110046794,1,3,normal
0.25052751312595023,0.47423832840710367,0.2109809774018792,1.091180577471533,0.9176648596522711,-0.7913032090601226,0.0010955868332420508,0.17544096942868043,0.1330920981369037,-1.5292231418772657,-1.3644707250093102,0.5545304899919254,0,1,normal
0.6767186535828367,-0.23371422963070207,-1.9370303243271558,-0.31734113043195866,-1.296782095800951,1.5168649708281159,0.12550530330738138,-0.3969655847611396,2.5054897753068173,-0.7914600385692346,0.1784823808706892,1.0148882255026592,3,3,normal
0.990103813878585,-0.6441739988775508,-0.5952310053405446,0.6425254324412005,-0.33580815217736176,1.1527755856930335,0.3709296399608558,0.32852819171744935,-0.23211894329280258,-0.33367237710450376,0.36209188199901243,0.9776717368979667,3,2,normal
0.527149938998423,-0.7726316529950374,-0.10931076796405412,-1.1708123395663186,-1.079915624975325,-1.265377558165394,0.6453718705773454,1.8262740525909595,1.039412895051989,0.17509699328289777,-1.2709685057636304,-1.0133258107059935,1,1,normal
1.0878965432502572,2.4545748607411784,0.8358182082422161,-0.9848486098451995,0.2859305800341764,2.6216565075452185,0.26632421506810294,-0.5323973177500158,-0.05292172161876762,0.9369665999482502,-0.2535183789520824,-1.5124703261626964,0,0,normal
-0.4884379290436164,0.34975552097350104,-0.5814049513168972,-2.112347393199613,0.2907120322260246,0.15646872718627988,-1.7931383569355286,-2.082309673138262,1.0969122845271364,0.7103791125859118,0.407831619694018,1.6247402275699847,0,0,normal
0.32884890991807963,-1.9470224415986812,0.6826216045673447,-0.6558203707145401,0.865822098105769,1.454440341043756,-0.2847061749965512,0.46861398985284564,1.3149776706450411,-0.20454857599797818,-0.9513009685389197,-0.4351480878117038,1,1,normal
-0.9220274140489676,1.714698444424064,0.7670023453152304,-0.46605206226847445,0.7176589689965993,2.219556372504452,0.1467363493929293,1.625711778617756,-1.7416192868463471,-1.0236712913941717,-0.4349679283337332,0.6405838997726819,0,2,attack
-0.25245192963568736,-1.7400845787863544,-0.34701609821657997,0.7124835232131065,0.6563417032069412,-1.107918996120805,-0.6513355769310697,-0.1849246409120186,0.006552503748365702,0.4306962939121311,0.5782609222698438,-2.1475827468126965,0,3,normal
0.520619045426235,-0.6594331539343312,0.29198706101655547,-0.6189019803937752,1.6704451502719355,-0.8662164216308145,-0.742832006562845,-1.4369251515979122,-1.0135178963887839,-0.04318335257569761,1.3807550548226004,-0.9792418024539505,3,2,normal
0.4157566711836101,0.3159648409608872,2.357072398248762,-1.733859601867586,1.1681775468688267,2.048762781841232,0.5291146949473645,-0.9222459984045704,1.8304061814883694,-0.31857054846839095,-1.0436234154593307,1.4902576881603302,3,0,attack
-0.5890189751850059,1.0404332345214287,0.49182322136142637,0.18825988253581122,0.2002582879064042,0.692029729912874,-1.9158423630484374,-1.6378618117710106,-0.3006575420909459,1.5480154541209163,0.3398179021787575,-0.025076051129570752,2,1,normal
0.24772303793197648,-0.738251967621404,0.14362050706519144,0.673309270009904,0.7351770976925911,1.3960669663342784,-0.7321665395912248,-0.48513092803504637,0.6546406652594882,1.7048407904127174,-0.5858208037454014,1.7619037349765236,0,0,normal
-0.43798287054959784,-0.19778089644128694,1.2724822095297055,0.08635388121941118,0.1415621151134716,-1.078624682476358,-0.0840310896007999,1.9163581227069033,-0.2068360491050004,0.22138907728921342,-1.5264944374167007,-0.0383455403575807,1,2,normal
-0.1048924471230635,-0.5823339743960179,-0.10343896105090548,-0.11663179661072241,0.17674475257670585,-0.39438342720880026,-0.4143362997762178,-0.1396424890478993,-0.9172012471201344,-0.7202706568040204,0.115884883902269,-0.42273051822299845,1,0,normal
0.5190482630651576,-0.5232147758158855,1.2081676942930129,0.5225874333282521,1.7731534878686663,-1.5196387424307545,-2.0292167177603244,1.9203570002621093,-0.7358230775769822,-1.233591846228635,0.9653000958250962,1.6909142453797643,0,2,normal
2.6563785506209774,1.7090923977787529,-0.777209052443093,-0.6806918293585641,0.29594535866378685,-0.9462797723459552,0.468804138308166,-0.4552495289725417,0.65303059768673,-0.5988554080304275,-2.1905187758350455,-0.6138256026362466,3,3,normal
-0.9734268509052258,-0.23091299747531338,0.1897520534474053,-0.4747157569288873,0.1590859996960343,-0.419143560576579,0.7835614327361875,-1.4856028392145957,0.6222893926353852,0.32453601320844566,-1.053194679389325,1.3364443383735516,2,2,normal
1.0362175612517592,0.6750004910110627,-0.07041313078210705,0.16728608499072198,-0.6238496345692375,0.027445196230438056,1.0006661258004854,-1.0446840953891485,-1.2482014747755406,0.4040503458835888,0.7774337157964907,-0.19954972636804114,0,2,normal
1.6876066241177823,2.0082545196869477,-1.9202696112184543,-0.789268624381832,-1.7124414653400661,1.247734255359787,-2.051903148500728,0.058444616675325294,-1.2288948804568174,-1.791714396557789,1.1473821906255293,0.027059828597615045,2,2,normal
-0.5819524527745014,-0.5117115759792479,0.30221617584574023,1.43060434981225,0.1196434744007669,0.6399676791140937,-0.8204224144687914,-0.12476565704894613,-0.03867693242665002,-1.6235121771106802,1.335610890952538,-0.5905520865808904,2,3,normal
0.33056928371804223,0.019470283987105083,1.3552714841224827,-1.193520985104244,0.008563346838907833,0.1954786468632726,-0.40037740379498826,0.9955635394292541,-1.3550956846515558,0.5037091663585026,-0.49124897448247473,0.19947033151687513,0,0,normal
-1.1065983256978695,0.6665263050127571,1.7892980606251943,-0.16086768002038437,-0.5916134154086183,-1.2484681830093936,-0.41654654618719555,0.5569147733537099,-1.5062050392007926,-0.8322822861050932,0.5560314801226776,1.4480376688490013,0,0,normal
3.107466039821016,0.5773972876979047,0.5404153801137104,1.2899941241631958,-1.6552884581370948,0.7104792577478972,-0.32519126601251075,-0.6008508586644853,-0.2511838540070087,-0.500814606388252,-2.9334897113401137,-0.4960541399236545,2,2,normal
1.004036935552242,-0.5644426434461931,0.7753772557148174,-0.0761285436411814,0.09384334062927834,-0.03388503443830393,-0.05794688899819652,-0.7799290407926326,-0.32515441071632223,1.5907631184698834,-2.3155734300498385,0.2545105468721223,3,3,normal
1.216575271007961,-1.4950291696243747,1.2611062440575675,-0.4867906712041162,-0.13387720185610305,-1.311529760617606,1.670830669933526,0.5680535877065189,1.2121562773685077,0.7024864052081129,0.29916254844553064,0.9972475436213477,1,1,attack
-0.8465611542388608,-0.23501160854845426,0.637102584837114,0.8924801304615172,-0.034543116218800046,0.11205963972601957,-0.9264105374992422,1.9114880597599337,0.15683700190509395,0.002235526221923726,1.223134793012877,-0.37863230256255104,2,0,attack
0.7351442122273558,-2.1800190253667346,0.32834588960432287,0.11336901105812118,0.22783350888068218,1.366495426224048,0.9805943701422044,0.15769361738744989,0.1948892091900424,-0.19509160458135574,-0.24406802375458142,-0.22463980623794313,0,2,normal
0.019174855150151212,-1.1981450685593589,0.46285158039224955,-1.607220409045368,0.5637894319706994,-0.6276260796555706,-1.1438450813899255,0.5873718132112349,0.588685497387507,-0.44514303813979006,0.36610499822364573,-0.58404700077645,0,2,normal
1.259418850795963,0.9849603632656797,-0.020970163131596862,0.6654734295394633,0.5167592309745996,-0.35487355836059026,-0.2458389728346135,0.2441754374670141,1.3162316698006666,-3.1660931778147536,-0.8739357673964866,0.6874611062314949,3,0,normal
0.06658529696330917,0.325035970359464,-0.5312519774517028,-0.5718020650858533,0.5145983324299247,-1.2581231537683024,-0.0490126160804337,1.4260919658827478,-1.7810686830645357,0.37461591879812794,-1.1116760318602756,-0.007952239777500697,1,1,normal
-0.9754553427145152,0.6256470291511066,0.0897046841932111,0.7512904558272196,0.45472778057783586,0.6106774311066491,0.1624685223367549,-1.8573595239819625,-1.0041724527809153,-1.1479883065215264,0.5026705118670876,1.925339527715937,1,3,normal
-1.9323622211229723,0.7342687087848083,-0.44917656620813273,-0.5800382815411333,-0.5378646005537422,-0.48280119297782303,0.9581308245461436,0.2794963994086664,-0.0702298250173705,-0.39952702751931846,-1.556318454826675,-0.616747521246805,3,2,normal
-0.9636316240875283,-1.2784498109869875,0.026369261005778837,-0.47846306239861347,0.3995761117167853,0.047956196862484056,0.4665414246963452,-0.27484807869019395,0.42765830058917254,-0.33435203474811664,-1.8272513147165177,-0.6118234377534895,0,0,normal
0.5829692709926779,-0.9559071544915622,1.5386289092699668,2.559615628524881,-0.5105896755787319,1.7416442768284128,-0.9914021778251396,1.809139057246558,0.7365997623099059,1.5033685131806789,1.8270007890967856,0.3414287343657084,1,3,attack
1.1910619358347627,-1.1679309786301058,-0.41339087643384026,-0.6664455512144326,-0.46410645927251615,-0.013178586886663702,-0.013349472030039283,-0.3304313215411991,0.5868336600294316,0.613572462435814,0.17770329156810924,0.2913581994253903,3,0,normal
0.38310819518846206,-2.120145088624502,-1.0113878750645824,2.3173354073119032,-1.9230060554518513,0.013212238812027814,-1.5883324657795466,-2.1758577979023794,0.3078321056994968,-0.4518923971299566,-1.0837895883181723,-1.1174773248236616,1,2,normal
-0.606368067171425,0.5113068571077479,0.41058877232625046,-0.0573525318648173,2.592018316663245,0.2723405533704707,0.28892022795538497,0.6414180974185535,-2.2519526286697737,-0.49986071080270184,-0.8223950029824763,-0.5355429309070566,3,3,normal
-1.1852493674496498,0.04254060577483001,-0.06539646142069075,0.9219016338259063,-1.247608585429928,0.4054334492823043,-1.446913978609152,0.6011904689022944,0.18916950061918186,0.9964988644508538,0.7168068554745891,1.2370410028712782,3,1,normal
1.238174448117082,-0.5128701430387961,-0.9445255648372861,0.5698973317874532,-0.10367189965115367,0.6929268988097976,0.32633477602739197,-0.46831386669057484,-0.2655967134089169,-0.9877418597968182,-0.12627553958167814,-0.7450570754730151,0,2,normal
0.03423967925859415,-0.42803244425335374,1.4394597527582629,-0.9137789714490067,-2.1009917363524475,0.41415706958977944,-0.8983476803759153,0.2364923845544742,1.107351324829547,0.1257253703984739,-1.1476516835430737,0.9046801014957498,0,1,normal
-0.10453702649127188,-0.5668368672788473,0.5168397950984874,0.18595639589677046,0.8479006922385787,0.28536847697976875,0.7503206311240352,1.64938437454809,-1.4407868100808392,-1.683272951009168,0.46569919423477674,0.6714752687801644,0,2,normal
-0.10937324880281818,0.15920959930788664,0.6084990918922859,1.046037878300448,-1.0430889856523753,0.12673798791716157,-0.22361863843222962,-0.7043228699627861,-1.101927778996302,0.18912370300082157,-1.262177620305698,-0.9006243093319707,0,0,normal
0.045642854699779474,-1.0087534409539984,-0.05689109982250775,-0.16458387312440917,0.4779715800969348,0.17024462090159542,0.3674342789189206,0.5297153350629036,1.6414356401432615,-0.14189200979240532,-2.3845910901564853,0.1096942700083929,1,3,normal
-0.6317211897537814,1.871962891025084,0.7109747876454832,1.1422423809023077,0.047808497979455564,-0.3753294301645125,-0.12404696396492285,-0.1472280690674051,-1.786048162187386,1.2264923843649282,-0.9736910951800328,0.17934312607147487,1,3,normal
-1.57289366621251,0.5390933869887995,0.2066646320864042,-0.6250108772250222,-0.17972522743383185,-1.8169431634411661,-0.020383659634762824,-0.5444874946077677,2.9789447243004026,-2.284047506625277,0.045752634497364,-0.30512785731966424,0,0,normal
0.43487087213447,0.6424371972311691,1.6254895596421526,-0.8814151478644676,1.1284889892731054,0.8112082907808216,0.5455043457902561,2.8797587825014963,0.5341571027090742,0.486379106921084,-0.1723698769764096,-0.4561033400719864,3,1,attack
-1.043599385907061,0.414103582995986,0.14710920352695786,-0.6201013689467701,-0.40759182241066233,-0.34619224689433253,0.3060857472711293,0.4189541517803352,-0.35810394053606354,-0.9098470825109486,0.04613547787592767,2.0904253998864766,0,2,normal
-0.4342428360359566,0.6498223268575972,0.3962542558342437,-1.0536321159379418,-0.17289955181308736,0.13042094423481257,1.6390000571646128,0.2650435317490207,0.24141823255225825,0.29191536729317175,0.55500460290151,0.5352849835168503,0,2,normal
-0.6601582619791609,-1.1322764885315608,0.05107393944549922,0.6373343014360839,-0.3106348876161494,-0.09235744305259919,-0.029351555530262363,0.056889526654343756,1.7501641978887,0.09329951892614358,2.31618273626915,1.3245478422900547,1,1,attack
-1.2915578472155393,-0.6310368004548491,-0.39752764951531305,0.010893462827412284,-0.7614131725388399,0.14667189297921512,0.24713035250667753,-1.287373146167274,0.5351287503695509,-0.23517879220192073,-0.8549041121609531,0.5775319487567441,2,0,normal
-1.152208894626383,1.8176411336056193,-0.3468014289080919,0.729085221337278,1.7507988685564146,-1.1356351629993993,-0.3051193300876943,0.3721737753688629,0.14514457573296796,1.8430052502875383,0.033687453208968446,0.25452951871871227,3,0,attack
-0.43714793836832044,0.7260869827500958,-1.1683964245401721,0.7804618643377857,0.19995127682098637,-1.2862509320709503,-0.39410750407632195,0.23149685506704973,0.24988563261923719,-1.1958880057957124,-2.347106057135211,-1.4793591574924352,3,2,normal
1.4144837179167729,-0.5593737852876699,-2.0717921727334425,0.6136511874613437,-0.2039276766730047,1.0514384716716305,-0.19139791559717723,-0.5508624885305796,0.5844727755472681,-0.02234058942194829,-2.041569054015381,1.5800032994219253,0,1,normal
-0.0949541307412116,1.6691674059699504,-0.8942388118630079,0.965274775936717,0.8335236289508022,-1.5428489904787885,0.7744072928831194,0.25063161994760125,-2.1208607514203077,0.2939842721027964,1.1450253436682416,-0.07850932661818408,0,0,normal
-0.6662805179478839,1.2609250319475453,0.5767767371487481,1.4205041120044062,0.6340942196257108,0.30576158555253136,-0.37157926101727634,-0.47507593041582713,0.06803167983894609,2.3873032257094735,-0.018234383967141533,0.712962322185846,1,2,attack
-0.8924223531214712,-0.13703133191118613,0.38132959617557305,-1.2925012993007392,-0.5228892441266577,0.9308617741629182,2.348578994697691,0.6822265441686308,-0.212911680904312,0.40426277920363973,-1.5279669688664392,-0.6364899783507522,1,1,normal
-1.094307922015717,-0.049888655949536655,0.29055162651536476,-0.4284624859519707,-0.6882985861580716,1.8566776888510157,1.714069626293028,0.22883960321760555,-0.43637535848759307,1.5540998432931128,1.5829996960655397,-0.4278286399700288,0,2,attack
-0.10554701589882545,-1.210442074892662,-1.9953222458331388,-0.6768775206504908,0.9578985152879141,-1.5698091800157774,0.4119401939926176,0.19002955477310138,-1.5024121946563231,-0.006991524031195211,0.086427366057363,0.13416724057397553,1,2,normal
-0.3341144674016647,-0.09958483961438826,-0.7638906717260128,-0.5719274386390831,-0.43376890164790527,-0.49751204484721334,-0.24804393302139674,0.04037115563657704,0.9449948947646787,-0.928310737014413,-0.03253271957336237,1.3260944169910767,1,0,normal
1.6420048091007138,0.10662237777845045,0.20629352652891753,1.5363250282668013,-1.0571832402609116,0.02656771594509315,0.004520161357362554,-0.30685769191591966,2.149609739174907,0.6638517305975825,-0.6800003068173243,-0.5713555195784619,3,0,normal
1.99582222617909,0.6159932463262817,-0.21877467484794683,0.2059360530479151,0.10867187950199172,-0.21735621190242718,-0.14326715922362238,0.4367601316126649,0.30048333740251093,-0.35667535126604455,0.564202880013797,1.0121776219135379,1,1,attack
0.5343790887733622,2.441036347780908,0.37630453128242436,1.2299679881329149,-0.5897940705867314,-0.8410820677121221,0.8811473527337323,-0.35609519117685734,-0.1963719864189222,-0.027108182850713477,-1.0405610047100795,0.2904165165057501,0,2,attack
0.48405375295564756,-0.5403773550841598,-0.39216351129533994,-2.524913875381936,0.5206544263479986,0.8267484652586496,-0.4618726190739315,-0.8790522871051554,0.19928480190142459,2.0094590784202055,1.179359009861841,0.47638679726016286,3,3,normal
-0.354811461100838,0.21678319277515393,0.9061513318820581,2.368011101684226,0.09441620112270818,1.5856990654427356,0.4765011194047674,0.7032080052180701,-0.8165124542936629,-1.3105376133661433,0.4254065061710015,-0.750367913014522,0,1,attack
-0.1905796678286737,-0.7582503589943477,1.5329875096745984,0.0481506627437717,-1.4109944275626654,-0.7271232668352762,1.3909413761478613,-0.265314909458131,0.38368017303220503,-1.2220414683335596,0.20989907611377226,-0.5400749192042771,3,0,normal
0.2353554004076783,-1.1059895646137865,0.10393365613704958,0.5334578680910743,-1.1384227581981903,0.8750587912412245,-0.38426042325968657,0.21857166208457518,-1.371804350611284,-1.455069372173743,-0.25193824863583386,0.9851607789528124,2,1,normal
-1.0391247381139224,0.3680220814411823,-1.3090428249097001,-1.9993944766770795,0.6911267206611474,0.6165603555171718,0.23883890710606373,-0.09652131031199632,0.782612474836214,-0.08191148468626193,-0.48675273937165164,-0.7078994835083237,1,2,normal
-2.402283798948701,-0.21119420334771447,0.497121245583575,-1.332927604564594,0.4048497816409031,1.2707205401554298,-0.31847807992465077,-0.1493628036361788,1.1601255220926172,1.5995459885191228,0.01960281389778628,-0.9797016633766389,3,0,normal
-0.2565080567948252,0.17753613872076549,0.8286953632278266,1.4307727082483848,-0.35826521968757186,0.18246399377804587,0.3503862220432405,1.0700989650648445,-2.223278695200774,-0.05663517421264952,-0.34026562756899514,0.9213212651772211,2,1,attack
-0.7062178451651635,0.4367913415891548,1.3905014271890377,-0.8084411103036728,-1.191519338960377,-1.1913754061348192,-0.13250207011105,-1.2902470018144037,0.6454383615130346,-0.2819135473220133,0.27999589016619075,-0.11138555421773454,1,1,normal
1.4787708366320753,1.0618819264561066,-1.9622752518292979,1.1094679567719796,0.19194477791638825,-0.5958557516633266,0.7917319132221239,0.6518023226021553,0.3978787310103357,-0.1130104377085548,-0.11047450103008705,-0.3538500996137042,3,3,normal
0.9667284392622313,-1.2428253607181516,1.8022539221265992,1.5108886415390224,-0.27222373764971897,-0.03274744986002884,0.3317526005574273,0.6694427685886698,0.17539041409927236,-0.5671417759336693,-1.0472367084450618,-0.44614773265229374,0,3,normal
-1.1767597790290512,0.19783491963133867,0.6011700932406705,2.104732114777106,-0.726080299421148,-0.8421636270509889,-0.14262232503211197,-0.35063769796249,-0.748866950770601,0.7416697006931525,0.24153724972283694,-0.1420622130041973,3,1,normal
-1.1645212270090306,-1.1926395821572195,0.008268471272260493,-0.22357654556435708,-1.224530811145262,0.9575188325733321,-0.33329629951067025,-0.11434910881514462,0.05071491833835207,-1.3301702706719931,-0.5460937638574771,-2.2030752069057202,1,2,normal
0.6876953681515806,-0.7847174416798962,-1.1121636971459716,-0.600015787364752,1.1001643921921083,0.4231150198392118,1.4654313364296065,1.3662561694718178,0.2740761280569348,0.9172880470800566,-0.09960958653833947,-2.272495402820313,3,2,attack
0.57825214780506,0.24055485165393944,-0.2955704593215906,-1.1210630666321764,0.2028222521448914,-1.0519775952830555,0.7133456533228991,0.6727317859797229,-0.15186552395538203,-1.4859879807797427,0.05008179394155204,-0.16206058590957673,1,2,normal
-0.3825882359265291,0.8842168937682062,0.5585237079031546,-2.4052999908657564,0.7206191788137917,0.9635589156875939,-0.7429322712552711,-0.11946193574208293,-0.877218774012344,1.1246319313173596,-0.7885972562446024,-0.5837466853015344,3,3,normal
-0.8424489775019054,-0.5079600975874302,0.5723286754296721,-1.5960534456894047,0.3408508930900613,-0.20521571441797407,0.0020507037715263546,1.0395814826110057,-0.7139591305407743,-0.947931421571883,0.02055562936955259,-0.9355398298673998,3,3,normal
0.3044165752342621,-0.21170079803090208,-0.9882160044342418,-0.08615278048097805,0.3064317226531256,-1.5829938465980897,0.9771245271329285,-0.9969750770895083,0.8649796693180137,-0.9458961331616911,-0.020100983742168052,0.0340193175949111,1,0,normal
1.6447420071551055,0.8240144196880457,-0.46677594610473816,0.4279250510425314,-0.07463917450387862,-0.07018512464847504,-0.7510723959327034,-0.03444065274030122,-0.05478902621427787,-1.1004347863720174,0.1629187120523703,-0.5440965314172072,2,0,normal
1.1478496603328658,-1.9127060793566364,0.5582383750848681,-1.383422056366824,0.18387085458912839,-0.04104004646226445,-1.0254744266577276,-0.785488249143462,0.8310116518937003,0.3680309198141708,0.048394647150852975,0.7729583812387415,3,0,normal
0.5966741338925928,0.13060289202207792,0.36628078540534137,-0.4796862977144798,0.3460743305319639,-0.777233819821625,-0.03603231541198823,-0.09654711187057494,-0.020778253010440458,-0.02704745259703247,0.5711340254686902,0.05179233110478832,3,1,normal
-1.2739283914875108,-1.0590440563829997,0.3998205452017908,-0.14564709475009277,-0.412857376827987,0.6580834434987579,-0.1298979776938595,-0.3488217051702873,0.03548102695448192,1.0519994167737614,0.797533213156702,1.1042852441937028,0,0,normal
-0.711485067878431,-0.36538614920043094,0.7369387320892926,-2.420649512072519,1.1690481874302001,-1.6844443330012826,-1.4781744859288828,-1.2849479882955777,-0.8852679856136769,-0.36659470958465673,1.909914075825121,-0.3165440689349942,1,1,normal
-0.0265668170353046,-0.4099474144662999,-2.37660766987126,-1.151245478508396,2.5484097383016406,0.3484492097886443,0.9371146390770544,-2.4663357424578924,-0.29127258565894415,-0.1996651393919388,0.12528552239135218,0.35136143823221155,1,0,normal
0.08115264836789957,0.09506886625805498,-0.13653148734961854,-1.5467555345748607,0.48907281292723687,-0.08276688425152792,0.7890816430814397,0.31679527273277824,-1.1707648296419952,1.2031166170458252,-2.0598315395642426,-1.0532291875662563,2,1,normal
0.18581160385307385,-0.17971316548032087,-0.5894288220192209,-1.0053333209613922,0.6392292690950556,-0.7480839115292057,0.048756075478635974,0.9677930296067347,0.981599379414459,1.4332577335118373,-0.6699897983840563,-0.12282277805589484,3,2,normal
1.7509424080675755,0.6725471401186089,0.0402052791310681,-1.3981200978657604,-0.2232868071597209,-0.9244206159711696,0.9316904661757734,0.24563670359921919,-2.157932911978755,-1.2065202152042065,-0.5681285632545113,0.6281529046679809,0,3,normal
0.26615853878894585,-0.10388574745435859,-1.4279677495206828,0.12341787644570944,1.3105498131487503,0.4201234055541305,0.5082407079385325,-0.3375659380370793,-0.3173223200299392,0.2666796588174208,2.2355605137282395,0.0707646767661068,2,2,attack
0.29249188943510146,-0.9094104433464364,-0.5843655043776295,-2.0807780469047747,0.7192095756933321,2.872688817906319,-0.5346694578809338,-0.4413610062029393,-1.7623793390074627,0.12206234332871733,1.2660232059149108,-0.4028145512692119,1,1,normal
-0.16868137695994254,1.736072204719886,-0.8229620975462457,1.1582632517406755,-0.32353459242539956,-1.538052297104174,-0.8417340160169514,0.4500359217135838,0.414879650984454,0.6087954748041104,0.8169241169717054,0.27502124119829036,0,3,attack
0.475136255408219,-0.1270745863396727,1.8307789794036182,-1.2887567232186332,-0.8774269130775909,2.0126226497606416,0.8048283301009915,1.4623306035493786,0.5986724454963083,2.9040751223073573,-0.7199979041067625,-1.2551620612435492,2,2,normal
-0.6529281080265447,-1.0422500230535343,1.0147905298650735,-1.0538457912330057,-0.8317063435248598,-0.9686430336634628,1.8762107809957367,0.3795018563097011,2.80823239589571,0.24900117360266558,-0.7652383293780937,-0.8440871587470323,1,2,normal
-2.576089313638983,2.147458194204757,-0.11479507059356654,0.6579962762314756,-0.5139050937446474,0.7656315384121622,1.374056337048654,-0.6481268538332389,-1.7517284781756064,0.548110068754678,-0.3937161463338335,1.7676398003446805,0,0,normal
1.0781376689587687,-0.015690755678799514,-0.26318102688115547,1.7751887323644622,0.08902148465803587,-0.36299798901026487,1.2830516041485627,0.8492952461498098,-0.15052858255484441,2.426470134871067,1.9872420073210308,0.22876705329563987,1,0,attack
1.3117232849040772,-0.8854664137775583,-0.4321901991335645,-0.23134148663201337,0.07445312348340803,-0.6033825189942016,-1.8704305517220734,1.622253413370842,-1.0110428124525042,-0.3387878307240422,0.6034383028512104,-0.7253030942752743,3,2,normal
0.7966099994713889,0.015877440608827745,-0.020189880453688303,-0.4928354569116333,0.9115438047174708,0.6737071373086079,-0.1468397326013421,0.15176867835473992,0.40690296884153127,-0.3359360319906815,-0.22423279404151134,-1.6010069462600207,0,1,normal
-0.17058836855419546,-0.21700976727377666,-0.08222451532888733,1.2989883888481712,0.32640565017087664,-0.128488095875899,0.8899156914698421,0.5886809187008777,0.9010682297248164,1.5723810186974791,-1.583296594734114,-1.3254094479342295,3,2,normal
0.6347342296931368,-0.920415190545501,-0.3514056884917026,-2.1596817538938082,0.47548947584238893,1.0455683112616088,0.7110406743687879,0.33437531843065726,0.08916203289607112,-0.60291884782128,0.5931395586968657,0.013239007368726791,1,1,normal
-0.27000450385002067,-0.3758430780584373,1.992032090428657,-0.925910087514328,1.0946905859501372,0.07894326877578127,0.5361526365345541,-0.07586017472432294,-0.054795326394778486,1.063883588324691,0.6814845463603779,-1.9461789635908415,0,1,attack
0.45644192939323386,-0.06919626452009606,2.4445437335416735,-1.321683619725631,-0.7784934690984682,-0.5467096658120197,-0.380202216764661,0.059687002250523064,-0.5500031119569772,1.939346196415981,0.9042577763865304,0.4291140336902997,2,0,normal
0.8392366009384475,0.21302484983123907,-0.09112943103489797,0.3328994128081049,-1.2390683208833424,0.09331120006111908,-0.9628052937966594,-0.5816439951032606,2.3167405175835794,-1.6829159715042188,-0.23079359433849092,1.1019517192719193,0,2,normal
0.1447248022379639,0.5525674859564299,1.9246224290217635,0.015812685993062903,0.09854504855461076,0.13585082858625888,1.628827599250572,0.16759712170402952,1.161030015218528,0.8401124756389936,-1.0792739737645247,-0.3318338177586107,3,0,attack
-1.3568257962124326,1.0966164889353773,1.2997372100500681,1.1588591590804331,-1.4221832556709786,-0.5665733023669319,0.9970364958922834,-1.1296849840252827,1.672116950024975,-0.814764083526547,-0.9496023283182211,-0.4597374283125661,2,0,normal
0.24402355268923953,-0.6901077057581989,-0.06589750010574484,-0.1744213373026166,0.3782355096553363,-1.6538764335312315,-1.4621635509923865,-0.6417797849614986,-0.16160728057943133,0.8567067314288698,1.4438334516282751,-1.4716909855079867,3,3,normal
1.2444678836564953,0.15915947442920989,1.1377955517612544,-0.32383422165284903,1.0648673009707057,-1.6141104612933743,-1.1405527179748316,1.853334141680508,1.7756747393809345,0.10174672097535413,-1.2206735445319943,-0.9216261310139383,0,3,normal
0.642142819402978,1.1984894733367284,0.24767581880429343,0.7501899540021622,-0.5690153694233905,-1.488974352667426,0.04153745161306968,-0.8021733888387179,-0.043850566265473505,0.6533793558938399,-0.17944425105317657,0.12356915695720036,1,0,attack
-4.5826136845039374e-05,0.20913299542963437,0.46534141963417613,0.34618238488588077,0.25061230728546646,-0.38416487396834303,0.2615006758050133,-0.1111654146806576,-1.1906940844091864,0.3169342077753072,-0.9693590364940113,-0.9195630683966156,2,1,normal
0.5428263191506406,-0.9102434224881878,-0.5643737033487648,-1.1278530688478747,0.20075657056146792,-0.2156727127591815,0.4104340973378058,0.1344303729942931,0.13580427224845604,1.0909092221673515,0.7975668853476388,-0.5243131381322427,1,3,normal
1.938685591047218,-1.350281408367284,1.4832416655620075,-0.3756988144902338,0.6546343483841796,-0.2841515404176034,-0.8261747605377983,1.2203173826913862,0.27215748116309496,0.9947584309371159,1.073329757799866,0.00924934325309295,3,3,attack
-0.42845008016717384,0.4418438256837323,1.000822285461066,-2.1406524402865115,2.2499808328142574,-0.024100837970121972,0.36821663150034706,0.04278896623897225,-0.2503512423239867,0.4025444042364985,-0.42983897731716886,-0.6752440590529232,1,3,normal
-0.5684775637957542,-0.37114430120602204,0.022360744032829113,-1.5996349629594406,0.9184198683837617,-0.401436032152676,1.1007146366465559,-0.3595718081666239,-1.73917243732013,0.9083179397499251,-1.3222075735065808,-1.734880670301704,3,1,normal
-2.1135773942619527,-0.22207780103282337,-0.40516899962240177,-1.324132369125268,0.5650511078407893,0.08994848242234374,-0.20918282982783845,-0.9533409197800458,-1.168781652304422,0.8623672351659126,1.5677690525049621,-1.8036904604213875,3,2,normal
1.4488226269548,1.0056726869185095,1.8175048569477559,-0.8708779471731684,-0.5935959306747381,0.01876348045772349,-0.7552551248495457,0.2651476240566024,1.1853942327436382,0.5477080725546577,0.9966739118952094,1.7197346116844874,3,0,attack
-0.9865764242623761,0.6787257313618912,0.00024815805492951694,-0.7728801594493202,-0.302025005044924,0.43517720312916175,0.5245833815853761,0.33663494842153263,1.7655879629227318,1.010848962128399,1.23877741716012,0.7315224370942491,0,3,normal
-0.791974143521631,1.9528261983168353,-0.35828004047418005,-1.057842104847731,-0.041843159267791474,-1.0946410129060968,-0.08158730969233702,-0.1843714738455095,0.16202978601373993,-1.338908795295803,2.2471072578272837,1.7464012837280085,3,2,normal
-0.12189683859451314,-1.0085292785906572,0.05615761278955502,-0.03809489645526561,-0.4870293109915803,-1.2178450020726113,-1.0994021643521015,-2.3645566845878223,-0.12312406651095957,-1.5629358985217208,0.6461016247622625,0.2653119173296387,3,0,normal
0.22594626309677096,-1.9415220291131319,0.7926794685457668,0.7325052272340398,-0.2800975515735292,1.2334708379966492,-1.179589190523913,0.9906400156444926,0.22578722170761314,-0.6270743447756625,-0.4577340775194679,0.23119058488429173,1,2,normal
-0.9551263825675789,-0.3628813523220404,0.5619743727958209,-1.4336891378344243,-0.8553535231716499,-0.41629193708954315,0.21430253148282988,-1.144531978899953,-1.0359355754572768,-0.7546397441133516,-1.6462342144244209,-0.09527709928899965,1,0,normal
0.3808290687947055,-0.5726288266396297,1.535626186213217,-0.10029099234474241,3.624450170747105,1.1227141224852037,-0.8664196780257185,0.35903868243543047,1.3451496285496072,-0.5012105529256747,-1.2141759262060212,0.07036074525924474,2,0,attack
0.4960665703430773,0.7658380985238085,-0.08162019484939902,0.969234435418579,0.6657189612060727,0.604862216805455,-0.06838244780844208,0.6522827699177624,0.34902895220477465,0.2115497155592326,0.581135876968026,1.6163043662433225,2,1,attack
0.214104627322155,-0.4456040460417369,0.9733433682143441,-0.8086917634825824,-0.2715353393309599,0.21555688260289904,0.4232421418745283,0.02429956750630177,0.4267243010649807,-1.1548763654420455,-1.1668518714279628,0.40844860793658083,3,0,normal
-0.8388852964108144,0.29559244036877313,-0.2567911986943404,2.057472707258627,-2.0712855537317285,2.0447560714970265,0.5062828256230572,0.37446430654313057,-0.4515289313579992,1.2782124116775162,0.7828729583948927,-1.1143630763874421,3,1,normal
0.2959531008728918,-1.6134749776163368,-2.089617552928554,-0.42836057144247014,1.4155021679857644,1.0725120971417839,-1.1191576058043715,0.6297298152071176,-0.38669438631925995,-0.2042668267887814,0.008672374428360854,-0.9117908589991975,2,3,normal
1.743007954017002,-0.5272634779155739,-0.646897230736692,0.15255947536561684,-0.999048793345158,0.0667070009724931,1.089855809958326,1.4371929600826105,0.9919942189558771,0.2986101343874231,0.48593895594902115,-2.6395401587547735,2,3,normal
-1.788508209715361,0.2870252532603284,-0.18785784105329634,-0.9327914808412252,-0.9264659799846237,-0.6487944504665726,-0.8803763473923799,0.6993144889432059,0.38011406686666843,0.8556437887675069,0.10064956454857342,0.8960999784989857,1,1,normal
1.0566543463137608,-1.7736296957917193,-1.4993193878281892,-0.6343654917017638,1.0531172183732909,0.8391585587238205,-0.7071892094788251,-1.503109497900042,-2.799170412584839,-0.23273975850783649,-1.4214049551943195,-1.2866063047482303,2,2,normal
1.4759332491949593,1.3971211986598984,1.090147430822386,-0.648415768990886,-1.4834985236993785,0.19387651559540933,0.7840917911033393,-0.1500232863366481,-0.21568354700407763,-0.16512792950861077,-0.7656171187374965,-1.1377797043125666,0,1,normal
0.41851375366047,0.7405915888212868,0.3848195478347157,-2.7507959413088634,0.5860922503368943,1.3611412507711442,-0.10703880597935282,0.6594114824508853,0.7840437093071702,-0.7984081057929917,1.2186012823393557,-1.251876907758981,2,2,attack
-1.1546221377170494,2.3355514609167285,-1.778710489616368,-0.7303616099414206,0.062212844858195226,-0.2189285211917471,0.7221971874058911,0.027429346957581823,-0.5486348158465745,0.38466700643150115,0.22339657355832032,-0.736493189128164,0,3,normal
-0.42307843744381807,2.053500398113012,-0.2408954380315966,1.224232329373647,-1.6442034749808103,-0.19530349156697827,-1.3417470645686824,-1.4261945330372265,-0.9785179225677431,-0.03646166769578189,-0.99526593514354,0.17369112114026472,1,2,normal
-0.3890729298345045,-0.8998523910661642,-0.23378313988567995,-1.4264756664904945,0.03632528978208279,-0.7137997604939597,-1.0786519359449132,-0.2081850271230362,-0.42453566961896616,0.03344884805637028,0.13818758908100195,0.12487934831515339,2,2,normal
-1.1795100412055872,2.574575103434091,-0.34013622865976306,-1.9440725931609992,0.693399218535142,1.083361849100925,0.5998814124152704,0.7813180238278684,-0.42737445001445185,0.33771139496645136,0.2644244540907447,2.1733436405873903,3,2,attack
-0.1976717207999708,0.16550107998351968,-0.650924303889978,1.670449249018431,-0.05465704326591782,0.5911498530708766,-0.7018242281377436,-0.5438142828992037,-0.7547814948156737,0.9209107820815311,-0.7746341093064865,1.636794746221064,0,3,normal
-1.0629556305271668,0.8004442666067404,0.17630527473303242,-0.8261825640614203,0.6182015652029514,0.8839848618037606,-0.5039913578059466,0.13990589780139123,-1.2273790912242522,0.438659123289767,-0.11336504503350676,1.5981304436904142,2,3,attack
0.025524058072953763,-1.2274066774789458,0.006370525503813763,-0.03927206851294194,-0.643073372739005,-2.4794232202416486,-0.6219953320047137,-0.20762209881519061,0.5103752879169113,2.420112415642595,-1.0581452716304203,-0.2863178241727697,3,2,normal
0.8658750332225099,0.7855281994312581,1.2384968191939572,3.0940200698486278,1.3860898695550194,0.19861617411066101,-0.6867492992616464,0.36794310950796877,1.3033458708796972,0.18648332493515055,0.18680152355945842,-0.18382616681813022,1,0,attack
0.5591221468718732,-0.7137599173434509,0.1880424565869124,0.7197697505224027,0.9178538572890322,-0.09509236015953172,0.661917358899319,0.015604675024876558,0.5798388980721757,-0.06528265155979214,-0.16087537293941365,0.9417416536386929,2,2,attack
-0.7688114858446615,0.606917217983881,0.7464970408894125,-0.9487198035153429,-0.6849126208012712,-1.3849814247992294,-0.22040291219366828,-0.17430297448789306,-1.5785289779620593,-0.10880159771047523,-1.1671669117210393,-0.9538573865612066,2,0,normal
1.4493516545488476,-0.1890064557995805,0.3235657636914609,0.08676089705121479,-1.996351607579772,-0.8408514263423429,0.24377852828935376,0.32827243185124844,-0.23978644817323538,1.022925801077818,-0.45836150001176035,2.473656886721011,0,2,normal
1.6026668643014703,-0.34654477189878574,2.1412362233743,1.0525592074505963,-0.9359310280004616,-0.3172494553303534,0.4889832891311764,0.8299140609971886,1.2117429672086333,1.25996590096208,0.5074515838541774,0.4291822094081906,1,1,attack
1.0253583217783093,0.23069060612217263,1.4364012659713352,0.9124097417891085,-0.6818868584681627,-0.1690536010075443,0.8756654460323786,-0.32803361013066823,-0.2686129743837756,-0.6120308772098972,0.11274681979078972,-0.001732253391263761,2,3,attack
1.0993247919577576,1.0574721897012576,-0.14512464546971432,-0.41222576494793517,-0.023085954846679073,-0.42368573427783873,-0.8355812867360423,-2.383503285209991,1.4099201581370848,-1.0244139524580214,-1.0330032541698067,-1.252490626483897,2,2,normal
1.9998224959527664,0.5977605852986664,0.627029699209203,1.0259594818869433,0.6162080463792697,0.94775362257407,1.119756791065697,0.8183211073138675,-1.079810042216587,0.214994749802817,0.013777333869760126,0.7867670596825681,1,3,attack
1.2023659063403456,1.3919873846736432,0.9324235759488921,-0.23782959853713406,0.28813613893752515,-0.5152751023826844,-0.10247292833072294,-0.2781740372863457,-1.1544710187811535,-0.1951790372242252,-0.4435486943377408,1.3813062220042387,0,0,attack
-0.3844740084217763,0.4264393880164722,0.791780707739646,0.7361807382704446,-0.6446583619708168,-0.0265982640534024,1.685360196941124,-0.7131752825487793,0.9944711236619503,-0.9851729836000299,1.4425909215367743,0.39994662568097705,1,0,attack
1.0497800202494763,0.3897367511516456,-0.6102781172941976,-1.081299864286665,0.4330935824157517,-0.7465476859609086,0.6070264801302042,-0.035471451962348084,-0.1745321739070145,1.3787777900673337,-0.21920980638729437,0.3527850720815559,2,1,attack
-0.4780266944707794,0.321838613175069,-0.25395171119937593,-0.007392186843439316,2.1661954385221116,-0.45524143174273507,-1.0727349069745797,-0.3638578268834604,-1.6285047598804179,-0.38949595153855743,-0.7150860501409827,0.2452498488064499,0,3,normal
0.545813386261557,0.9814028524835474,1.263570813746357,-0.0841328625926231,-0.11394713617753846,-0.4522592376343403,0.8221631141254397,1.8870939418035273,0.13817220405848143,-0.5073362746768536,0.34700711077908153,0.4012260812091077,2,1,attack
-0.6588236071547405,0.7603213938630408,1.525741416164392,-1.3881399621042556,-0.37786989207778976,-0.26517225247737647,1.5119579210915508,-0.6108771760583586,1.498491954640043,-0.23641921246786002,0.02670994844174677,-0.4485691298550299,1,2,normal
-0.6134081675753059,-1.5541154241843487,0.482423682367776,-0.1336867222909383,-2.135428064218858,-0.10972822253630592,0.803841936437178,1.8299094462942636,-1.2107490970835408,0.06956556363118709,1.3764906636496927,-0.6894855539733122,3,3,normal
0.5933653130698466,-0.7165118370587138,-0.7293204131122943,-0.6282241554565821,-1.138021351314768,1.0655164236649572,0.262063858383678,0.447180028446435,-0.9504879044000145,-1.8957456533461021,-2.185037866923561,0.3208122833068511,1,2,normal
0.25314445235207766,-0.5164478444352681,0.2789737815519645,1.1639756013160085,0.9975446530941209,-1.4185162334542842,-1.0244251324003066,-0.049646160566802724,0.7545976355261059,-0.5112138311675308,0.2375437440257792,1.003050776580577,3,0,normal
-0.8203972947460766,-2.7573399677318267,-0.11436759367648609,-0.17086086283878052,0.9223516877691328,-0.27001811067942516,-0.9164126899152075,0.12918224705679718,0.6206074790827009,0.5847769376436479,-1.0009417383264598,1.4518908940421065,3,1,normal
-1.05691023194456,-0.018516999680718925,1.5525612937683375,1.2153231918141956,-1.0762557633286092,-0.12111490283178147,2.2215607503325305,0.7147957729270316,-1.4208712436695512,1.235536020207648,-0.9418198991521844,0.7685947594801911,0,3,attack
-0.9870839922967098,0.3498447983527258,0.3126206049745821,0.5667421277861726,0.6788153837821239,-0.2754038890265253,-1.1407555683530894,0.6994002907239734,0.7477049598234449,0.2514458383022665,-0.06270490852715153,1.8118558334097243,1,0,normal
1.6238294115506593,0.6602255530975917,0.16783705372180158,-0.5532348860540285,2.0535864579148004,1.522750392561674,0.414805044671795,-2.9192806707503,-0.22543037072947,-0.2931507488497721,-1.7893192221995635,0.608547580005749,3,3,normal
-0.15862547877886551,-0.09542676252685177,2.162260692735448,-0.36244693828776464,0.0908189044325471,0.43567063640301484,1.2052618456246142,0.011288163536098298,0.38854225837831724,2.019052502728914,-0.4067537759307375,-0.013868195669212558,1,2,normal
0.16079739995926257,-1.2885400599719112,1.2242896074848622,0.19759871354655198,-1.1177243782909176,-0.3699549232167425,-0.5699402268414825,0.700158909560758,0.26381920029725314,0.6043259520572912,1.8540273841760722,0.07915499349517038,0,3,normal
-0.2026621937382608,-0.5021239047620877,-0.26232618111914097,-0.9866892172094825,0.8135167755803436,1.58584959240853,0.28486224222851125,0.050245434888937665,2.291447193310059,-0.33111659757458445,0.3281900264271971,0.6818205352713713,1,1,attack
-1.5818685027017172,-0.6154997617739019,0.40335243096815404,-1.1373814011249395,-0.3297686637237096,1.6714500506681464,-0.18858520288811606,-0.325641892479678,-1.77409165486663,0.8665681100862479,-0.41130375566141963,-0.4770119099887704,1,0,normal
-0.14954469017420338,0.8042882293194035,1.7915108208724,-1.8865716450063914,0.38767143457206904,2.17744683886639,1.1159380244407113,0.500815436176513,1.2002576118774013,-1.013773046363435,0.19916266120780596,0.5393305702012845,2,3,normal
-0.3077016944099026,-0.23973281462112825,1.223827361884382,0.28898751633688735,-0.9539771431759947,-0.33541450439617937,-0.23436314742710534,0.9232979961837431,0.7371854680542994,-1.4651151008167569,-1.4630702946646328,-0.305487264044335,3,2,normal
0.18985571582382782,-0.7373298430203081,-0.5977832739029001,0.5458993622853001,-1.4510562559456481,0.19072614332430463,-0.5975204845508557,0.5452239156335992,-1.3020814361651025,-2.5667422879028856,0.024978643003384395,1.160877625301788,2,0,normal
0.6308721156361804,-1.1371196475873708,-0.8377546016978771,0.3259197977731803,2.3348694272173325,1.4944415517308405,-0.2998390913350256,-1.0062916843006766,1.387055731709479,-1.691985259891931,-1.7640368973883958,-1.3146552161915261,3,2,normal
-1.6742497810486574,0.2013858063535545,-0.05498504544148509,-0.6214600235844983,-1.2107620000182628,-0.6450552566253279,1.1113298707276218,-0.16936699140272474,0.07550430396915986,-0.12591767537434684,-0.5177294565803194,1.2352356247234504,1,3,normal
0.24452793308482249,-0.30055136690099143,-1.3360713671752018,-0.8072974568192316,-1.052802363728298,-0.852163655169123,-0.4548564367353867,0.6406614757475169,-0.3276391788205515,0.2567356830881957,-0.21610357015412504,0.48873927530482747,0,3,normal
-0.8265848691741383,0.6233916863407138,2.142947674696693,0.804250496315624,1.087363961957747,0.019442977702775976,1.1435530522525081,1.0310395009906688,-0.4956205563023625,-0.16312176259048863,-0.525620198760187,1.1625308724929801,0,3,attack
1.1280120566670637,-0.8926528992275485,2.035714134328002,0.1755426612216848,-1.2490958898324982,-0.8153250610965652,-0.10458695347916377,0.4281995413968213,-0.12387641242008587,1.0696533299041553,-0.3799887294608235,-0.11405810165717266,1,3,normal
0.4008013112779353,-0.5352733849040805,-0.1898724128491945,0.6865735086075844,-1.0110242717469597,-0.5336171941531539,-0.9164696517157381,-0.20670824936476898,-0.015487744285665123,0.07773874516829724,0.597269880622968,0.8750074406042582,3,0,normal
0.41015930454765276,0.2754443283116492,-0.00882850844948252,0.11563234638903186,1.0103003254641867,0.7626927479585303,1.6891200389424772,-1.9357866513122326,0.3108381313874984,-0.753846555560786,-1.5085371714260174,-1.8549319948819125,1,2,normal
0.886144385256239,-0.36005716339912286,0.9009582690245758,-2.341105000332114,-0.1379302251702453,-1.077174580096979,-0.28492461160974936,1.4129038845247996,-0.6355229610716356,-0.8645383870037928,-0.6685383598727209,-1.256691868423575,0,0,normal
-1.918907596821832,-1.620299533551515,-0.26362021547781156,0.23820014670210832,0.0617233660845894,-0.627541484704306,1.0701136961429991,0.92093573968678,2.02019357986977,0.09945836289896157,0.941631151053795,0.3046118030363207,0,3,normal
1.0861858221932121,-0.22016708755432676,2.027900619747184,1.5728165061669068,-1.3585142314312044,-0.9457780601461409,-0.5314752958867579,-0.486967595624226,-0.9455290740704281,-0.09961902650947453,1.133401438154261,0.1208195081083541,0,0,normal
-0.8421907293351474,-1.282068495617724,1.0791029541764865,-0.641341130906362,1.4328764026216987,-0.9680343836552511,0.5924325224929164,0.137243766307925,0.5830217608513479,0.8868787227646429,-0.12488813613276384,1.6866623249302413,1,1,normal
1.6280503294411464,0.2820009463963837,0.7101995918978711,-0.6310790704013896,-0.3578912754862042,1.6265388485685806,-0.3378243679182983,1.2299456033342229,1.524525464095211,-1.2226548484885897,-2.914796534602522,-1.4629505623401913,3,0,normal
1.494346311017868,-0.40345075416798193,-0.7397239424447112,1.0770495994307732,-0.49200933689461984,0.34141437411630676,-1.4942419383010859,-1.9004549864145504,0.2676089959256839,-1.565801055559572,-0.422482189513694,-1.1069160206084456,0,2,normal
2.024068142419635,-0.1427175417475976,0.1735868313558104,1.2383969316707628,-0.27431417512346273,0.3764868567130376,0.5656020440017633,-0.44990101046035263,-0.5979851444962502,1.2582185242760349,-0.8938519007971557,0.5988983778223057,0,1,normal
-1.6851350408372034,-1.7551832796645355,1.2961786890467195,0.012282259904564264,0.42032240304678953,1.5368773746370967,-0.23768261188797024,0.06481021691456987,-0.19036623892924706,-0.9630102201380045,0.021700456644053116,1.595944445299602,3,1,normal
1.5171014485294358,-0.3173941129964786,0.9465902797278618,1.0238275188389208,2.2444438376189635,2.7994998307288905,1.0339652944078908,0.8627953795177749,0.06760928645819404,-1.2008621592691437,1.3362637206387251,-0.26986889791094926,0,3,attack
-0.33954466971766606,-0.5681740778257551,0.6657810624170002,1.1644497567416074,0.18072561809969206,-0.7448437306399602,0.5291012035694935,-0.8818739497157164,0.9537561611540476,-1.2846916109514108,-1.2026211685536479,-0.03083157041089062,2,3,normal
-0.8530757631973125,-0.7795374871237422,-0.1282994334956713,0.6411152468226977,-0.4864760354919064,1.1862885835753674,0.3859695830595097,-0.5016870322891153,-0.4229734118765948,-1.978211513329323,0.7154469777533891,-0.2864231975838959,2,2,normal
0.1771966175940984,0.10926465150172271,0.47202952311036167,-1.5711343072757016,-2.1322489729148653,0.7348001658988459,-0.9115785351433118,-0.40570582306425496,-0.06801130452945817,1.0834051146101393,-0.8356189215689944,-0.06601071449876829,3,3,normal
-2.4587755184591558,-0.01829676086002552,0.28858072819095365,0.10737603588098574,0.048077582593348996,-1.8684941638458281,0.06773165428002997,-0.3391779837222285,-0.5663801491050601,0.6972721093320353,-1.5059029911054338,-0.5399709147028129,1,3,normal
0.2199080444394257,-0.1298827787459505,-0.17594176302718562,-1.5695306965558964,1.435584423830415,-1.6987144074673681,0.03373298673325958,0.9070102597126225,-0.12611610105916757,0.6189957576874849,0.9573288401229622,0.7755829135460851,0,1,normal
-1.5275912912459635,0.3715775684606131,0.23735236286659642,1.754160480384193,-0.41187110451950426,1.952753558143409,-1.6546247621184567,-0.39955834887877195,2.46331658396773,0.36999210687795225,0.92987593977965,1.0113850961045299,0,3,normal
0.9053101053116661,1.0915461348423448,-1.7594864739629563,-1.2010423247678237,-0.34527647521144134,0.10430361509459893,0.011720357695976744,0.04459770974984009,-1.3921557290757214,-0.042256547635439776,-1.14840005529018,-1.2182079954201561,3,3,normal
-0.014409666364752143,-0.588321159237279,-0.21147367120643615,-0.49601100698276224,-1.0485244029971854,-0.0594176773424996,-0.11289028954246504,-1.2807493889814585,-1.60405318888375,-0.30569616790875814,1.42109391634735,-0.3390352992297994,1,3,normal
0.6228216788194204,-1.0443790027235527,0.2827590689029268,-2.6814774287013243,-0.06320911922125391,-1.5510654961752954,-0.23967629735289087,-0.8549590488688424,0.4858868008463144,1.3505666623074204,-0.9531358519073893,-1.6199461784897005,2,0,normal
1.1907749195776225,-1.4714027802507492,-1.0490893324693473,-0.09850464339605401,-0.7831738085126799,-0.33183132407034055,-0.826707239555252,-0.5597096720420753,1.8444351844704507,-0.3845224168489943,-0.5530714235461799,1.2300145658749568,0,0,normal
1.3727175421144486,0.5559541294352455,0.5479727788270634,1.176825410499739,0.7698040827727735,0.895047348536381,-0.27537817874370657,-0.5065880182405874,1.2186677355267874,0.3955678811158899,1.5670841321026956,1.9148142227041627,2,0,attack
0.09560016606077668,-0.4096678188414548,0.11134344625448572,0.3361991403562761,-0.9958618190766018,2.2875396180063357,1.569652782580492,0.3079491006908854,-0.9596898279160873,-1.5622210748640388,0.7976690167937239,-0.4149723662625193,3,2,normal
0.3728124988825699,0.7020965942779566,-0.24429012025673075,1.191271433729858,-1.2402026844043292,-0.4592640814769604,-1.14562634048892,0.49357487954838025,-0.32075271117602594,-2.17650679856654,1.3560670655935587,0.5387464138374688,0,1,normal
-0.6848680767961071,-2.5381604336596775,0.31008846872439155,-1.6317373375419943,0.16236100596386538,-0.4089974277568866,0.8779935769527563,-0.8984235755381584,1.3807848041259803,1.4227000398692111,-0.47984022345296873,-1.385295290738158,0,3,normal
-0.37660803204669885,-1.4071406183925337,0.06885609861734676,-1.6384747353933344,0.28722269353096924,1.7071714820583392,-1.8095763922741537,-0.8767454695801227,-0.40479776213279633,0.07020620927586158,0.21080801673572405,-0.7981236452721885,0,0,normal
0.16913865031354283,-0.37936245796571927,0.8705236997049429,0.29405848335310436,0.5236434619337332,0.0920117747826347,0.4257753618188951,0.3817673932185734,-0.6472546263418498,0.22153331504261078,1.0683376964257334,-0.5014960494783247,2,0,normal
-0.09309886284884829,-0.011216931239665558,-0.4621592687662016,-0.24809286718459872,0.5862935173690234,-1.1947239444437645,0.24083207290325206,0.3013385130171463,-0.40459647916502123,-0.5417884321115893,-1.1395687185072145,1.4089819517545679,3,2,normal
-0.5605726072458014,0.5491061275716653,-2.4748235744922638,-0.4907687279398518,0.8730044298612225,0.5843181687024303,0.8548676824102642,-0.2856273135414492,1.3749243121861874,0.31523049825813737,-0.2653934232435267,0.3894263768166501,3,2,normal
-0.27369739814419725,-0.18851844040076923,-0.5979818491630942,0.9253408384891476,0.08973574172097817,-0.8761687572863729,0.1597899826239934,-2.039512726136091,-0.44523650417520044,0.022098114092578093,-1.0518306937723045,-0.2729006522843493,1,3,normal
0.3681766350294243,-0.43811756869329627,-0.591000902911458,0.24736378859248795,-1.910921458736435,0.048399739153449146,0.5082995990597367,-0.598452215089624,-0.08070949504193199,-0.7208281256373882,0.3093540969375521,-0.7405869335398858,0,3,normal
1.146356932702459,-1.751998290026569,-0.2228274181042074,0.15702802991590634,0.021906757230931447,1.2405782720044995,1.3219095059438868,1.8991664098084777,0.12166828694990749,-0.8638704245253082,-0.6449694263960085,0.3316126105647939,1,0,normal
0.9189123050073297,-0.5592849563708637,-0.6434239872869315,-0.9087738169306151,-1.9238433595502236,0.7402860262935392,2.360348765603789,-0.6418241771709041,1.4720333533980154,-1.1494774510897339,0.9456326951970218,-0.2640291768899022,0,3,normal
1.9852326055461846,0.4972688504210516,-0.27760654348489283,-0.7515679994039306,0.760796243762826,-0.8493556420248287,-0.7969130744532793,-1.8473907041010582,-2.2119935773399297,0.3538748723773013,0.13556111449040054,1.659384722013973,0,3,normal
0.8487627314551284,-0.8266545110557717,-1.0523725794041607,0.47294793851845185,0.5716612487236202,0.11331420116834255,0.7545105096443773,-1.3657066719175772,-0.6507914242013901,-0.8378410579248197,2.4666699260044274,-0.6172770098893047,2,3,normal
-0.5540570051277521,-0.548788974860255,-1.269913717149036,-0.6213599397800994,-0.06872109644321797,-1.0359058238228962,1.902455998640992,0.5303926632193169,1.7529985281395766,-1.1210923885203714,-0.3763459471116468,0.7234337638685071,2,3,normal
1.9889941201666814,-1.2268866216861625,0.8717673754970111,-1.3714309896315977,1.2615406610173372,1.2899441860940724,1.7063792824609865,-0.04314792365054085,1.2217819989446919,-0.11823020116200553,-2.0539381339842806,1.9475018170495717,1,1,attack
1.6684677480755825,0.35732639737824085,0.3713285588387372,1.4178509149537906,2.0069167882783994,2.958758376104887,-2.4504121914088257,0.010366342366009291,0.33616496721485317,0.02839661349324253,0.9425605957303105,-0.6017459079288479,3,3,attack
0.8815349609158016,-1.189086043311354,1.8795568144412067,-0.08631711585785114,-0.7839822704591121,-0.2535720818084814,0.17652776847724216,-0.7152456788051963,-1.536772927092907,-1.0919090289825388,1.1479497011704127,0.5295654980811891,3,2,normal
-1.722401152023356,-1.0071579114841802,2.43321077297995,1.7946981771067085,0.6348668438072661,-0.31036281724357945,0.09478597840744842,0.4041783184777379,0.3946459530751597,0.40826336885368336,-0.8804272094470154,2.153080421046739,2,3,normal
-1.2505041620147808,-0.16056969184836364,-0.5775656010620702,-0.2792777605717668,1.2626345777454522,-0.7821697133150358,1.275662593758817,0.04841129486628238,0.5418458415095224,-0.4096199963704182,-0.9940301818303856,-1.4461733475785532,3,2,normal
0.9347393658444033,0.19420354978620638,0.24590822174144353,0.5602505689588292,-0.08389985067995763,-0.1910761360877027,-0.3241501154481559,-0.670415504429191,0.5197868357496698,0.9588074126824876,-1.4618465056255574,-0.16135058026639576,1,1,normal
-1.4225822415224953,1.1855458592661778,0.7531637663147469,0.029405098664426466,-1.1440361349423822,1.3051013952194062,-0.9772567035356167,1.61231770840301,-0.19848577957119343,1.2332956561336936,1.2525649414999567,-1.1227209294661857,2,2,attack
-0.002568565978587849,-0.46018166061252597,1.1606757125276495,-0.7925442745713762,0.5387029102676572,0.05906973153304423,-0.02972229334818557,1.0508436409644581,0.6216246515940411,-0.4828697554325406,-0.5944295298751833,-1.3606275346448158,2,2,normal
-0.06269993307146658,-1.482240212506735,1.139238520733156,0.6155995059665915,-1.191440790605493,0.5467669786267874,-0.1411144455901482,0.9864490600068985,-0.33983074671324287,0.8327502575739503,-0.3064529559800186,-0.3505565750959958,2,0,normal
-1.4932133762598647,0.0713938409493141,-0.18480711926041477,-0.7782886285010326,-1.001522734032132,-0.541955448299923,-0.8322876918550582,-0.3470298712921823,0.9604860786197543,0.6103940887580561,-1.1007766654088071,-1.37979103054566,2,3,normal
0.15457268009028385,0.4829009909182287,-0.008836092518383087,-0.16102015848621573,0.37382856295656935,0.2550821041128746,0.6459931311113036,-0.7877755123056617,-0.9280350992715763,1.4199204096633466,0.41534349085172084,2.4766066755967047,0,3,normal
0.40326284567159915,0.6302303001968372,0.9711274231526319,-1.5479825829050542,-0.7758126504552675,1.019643988342361,-0.7503495381416769,-0.04464372519401641,0.5743690318896247,-0.9107990045875562,-0.05783421288999259,0.4872317828051473,0,0,normal
0.3453924861230634,-0.31152221189194146,1.0796935613469367,0.21386425366183145,-0.16300395190978276,0.24451847690953582,0.05842930235650388,1.1211645579655845,-0.4302953292730606,-1.050094458829553,-0.819254572271553,1.8420296036857622,0,2,normal
-0.47588849636053593,0.8837891768694662,-0.20132733023487928,-1.1550317768551313,-0.62683689806516,-0.2069631933684645,0.12592843844642646,-1.5149349553735783,2.402754414485163,-1.1001964132800408,1.9933130454263361,0.14642263250187754,2,3,normal
-0.6789279826011805,0.16261244598344554,0.730660585361217,0.172922779011372,0.5383824737871715,0.693686100919026,0.5947809040467434,-0.4306004707754316,0.8629718582015161,-1.1132718471955827,1.02999012907601,1.7585456104259303,1,0,attack
-1.8668926398048928,1.7857382501621293,0.4899893293431782,-0.3068861891871884,-0.07584944440048755,-1.1831665481287732,0.8170925846705456,0.5759515690983852,2.0696849779816264,0.2128363599839982,-0.9341927112647774,1.6636554113229303,0,0,attack
1.5975028432520064,-0.995263671550057,0.360691962831128,0.28026293112691236,0.42150816461393353,0.36244505968170565,-0.5367170765694927,-0.5472533390876161,1.2601024368456897,0.30119188052309,0.2828101790649397,-0.9689167367349184,0,1,normal
0.48272745322413974,1.553914294635624,1.1639077766906643,-0.542979241695618,0.5366849667985586,-0.2406116207769302,-0.683555484425786,0.5444194233249349,1.1216972730451462,1.0188053982599365,0.6148655244313689,-0.9259172148772159,2,2,normal
-0.9895027616775294,0.5628985283648109,0.25670080140748114,-1.0610709840713832,0.2701900295032749,-0.8020939125836468,0.24844138298797544,-0.42376499961263164,0.33503560748871924,1.019474280975898,0.16822451463572308,-0.37952768578187196,0,2,normal
-1.6510705570927378,-0.8849212034969858,0.018568957414178477,0.3114922818204694,-0.765626478459555,-0.8504444432283499,1.3217120596967762,-0.30068010586829796,-1.1161046857588297,-0.21654921629163823,-0.4138555404230144,1.2660216879099893,3,3,normal
0.5308714395202618,-1.0177729293933455,1.0964771871486088,-0.01671516296395986,-0.24349214244311704,-0.17483716839596694,-0.02079002819699286,-0.6385523421559205,-0.7202216569491726,-0.913433836588204,-0.6411358539550529,-0.7609533921307721,2,0,normal
-0.1357623526622503,0.8013555308622579,-1.8319458654968876,-0.9517773954959053,0.7104421438766215,0.16926395747080247,-0.46529896333439286,-0.5570631703736987,0.527823034949584,-0.9394607482230031,-0.01746412381903325,0.038395175937034134,1,3,normal
-0.871867547710898,-1.5584176062984267,0.13383443067301773,-1.1374598017069026,0.15118852277085543,-1.39473319344926,0.3968102444919935,-1.170867157847844,2.5790773227185313,-0.9600764172080476,1.395789779118826,-1.19862880899594,2,1,normal
-2.3689663886099575,0.6244224334524399,-0.9995055882274086,0.5917495448364299,0.43135228646828533,-0.7380618114955062,-0.37038916928718874,-1.4581588885046624,-1.2520659166380705,-1.1024002214300463,0.3074812289737196,-0.07752098998026212,2,3,normal
-0.8818026597753611,-1.299875818363169,0.21391881976699112,-0.43951967519930013,-0.10288940738247913,-0.38615630498564757,0.8943050578082549,-1.8445748509188442,-0.8403298483609575,-1.0153590762669522,0.1797180962009266,-0.642438690178127,0,0,normal
-0.5977129314774541,-0.8806401782693121,-0.29346154544022707,-1.1698232909733912,-1.016842794787107,-0.21170623480582085,0.010933158891076095,1.2702989721422455,-0.10923758257331523,0.14739620023967265,0.5141793624718078,0.5810734997390387,2,0,normal
-0.17066268702211673,-0.25536297895298166,0.012159339348531245,2.068770157363276,-0.5240041821495871,0.12110767126395673,0.7409020350389453,0.40034072638180024,0.9996265206396944,-0.6484757877816676,-0.30679428313259777,1.1049125731543585,1,0,normal
-0.6393176713911163,1.0116709052063746,1.7072138724502615,-0.2907655024816221,0.4976921768510918,-0.8980738420330618,-1.099092876323188,-0.4932515838549997,-1.9967909339183374,1.081631422211053,0.37553709175373823,1.3384657128396418,1,3,normal
-0.1422547031772268,-1.122794666760539,-0.22428315173927663,-1.1080949241046738,-0.5793139155905769,-1.1238465826880157,-0.4685881714850254,-0.26230276404322184,1.0021694294234513,-1.1393535746503711,-0.2931020343315099,-1.2880244976547406,0,0,normal
-1.1186686652973061,0.34951759078096045,-0.9424197494355451,0.07426323917959185,1.1726901163813066,-0.4762467663970738,-0.3866331486418856,0.4197569595089163,1.7210348563850812,2.455022118407472,-0.3842769644116769,-0.10787691291138014,3,0,normal
-0.091739019876568,0.6550913754661102,0.7052263119427478,0.08132773082850005,0.7905508833133782,-1.1279120164878,1.1785186662895935,-0.5940534486161398,0.8781359336271743,0.6344485068376013,-0.36890881376300433,1.4347400830160484,0,0,normal
-0.07033749621677816,-0.5112325570457302,0.7392921112849968,-0.9661825805794713,1.7279637460973627,0.683358877779954,0.16910687337256058,-0.1968712456875724,1.2371115350186561,-0.6985721077861247,1.428981277856076,1.1333657429791673,2,2,attack
-0.10359873640399081,-2.201735491683233,-0.7205269791773562,0.3421967210111113,0.24671308006511827,0.6032510128614696,-0.5037912367888415,0.26523516076612985,0.2900926283897599,-0.6219303467648347,1.0604624647543461,-0.23566790832552498,0,0,normal
-2.426910520498816,-0.3066890039867172,-0.13857641171514912,-0.3685939814090874,-0.42755901713666195,0.42130462244183964,0.21480105424025628,-0.278820405858781,-0.8115178109527165,-1.663393020353074,0.5282145722758962,-0.9464552630441383,2,3,normal
-0.44717844904714293,0.532271929543759,-0.9305180170553272,0.2892524494919061,-1.0513027977862923,1.5451146532568782,-0.01748538034457343,-0.46925244026463825,-2.3607299997944664,-1.0868275206572688,0.652076765457407,1.18383397947641,0,1,normal
1.048570192861278,-0.6016062313806052,-0.6991621499435602,0.5401170569360408,0.38731894118418997,-0.5225098700026845,-0.5606689955517022,-0.9295571200540532,1.297909881334613,-0.1430886659733893,-0.03594299463672731,1.4644026521727505,1,1,normal
-1.0197867088138985,0.5513417032964326,-0.5175431398640785,1.6148276906662393,2.2489600068376228,1.0059814857474814,0.5917383003772727,0.45244116209085516,-0.2530475030855051,-0.6477116469106802,-0.3635008378494995,0.27890606395007306,1,1,normal
0.6927084202912084,-1.6944582918622053,0.244240401904514,-1.7841616896516799,0.989807278502003,-0.10372311748694489,3.253789065433951,1.8593011722632355,-0.22937765566913768,0.49317266047552255,0.7543605327306806,0.5427178820971487,0,3,normal
-1.3121519661640804,-0.2545645487509103,-0.08096379245592318,-0.10379320653523044,0.05992876745544977,-0.5196372484190077,2.62909320927831,-0.3344117552619196,-0.22104739123561498,-1.657493497455945,-0.3766913500671198,-0.9504998777472582,3,0,normal
0.22971306483736395,-1.0298232863033898,1.0793826194305143,-0.7423480883489356,-1.085197809956456,-0.7719617213450206,-1.5556162194940721,-0.5554077449254679,0.7833022881335229,-1.7862885839783567,-0.3411548453010347,-0.11472556142148788,1,3,normal
-2.5816939396960676,-1.008714044481826,-0.2521845048018833,0.5982705125779716,0.9571149841246624,-0.3551856934125234,-0.6029918113361441,0.4568331516335834,1.741983182544447,-0.6241200085832509,0.7561237334556974,-0.22344344529468563,2,0,normal
-0.736538243208329,1.8880184309251988,-0.8715711777125476,-0.2879376729089256,-1.7671168959020085,-0.7014347433650626,1.2235007610168518,-1.6840684873881104,0.9401260194275232,-0.22377333214101597,-0.2973068331163644,-0.911047776406562,1,0,normal
0.10393620547345214,-1.1364172029025401,-1.0439181693852515,1.332307010378694,-0.847362870251911,-0.9835901708802192,-1.3063370692041854,0.8626673435970694,-0.17525600202995176,-1.3438430008220472,0.13828642996192056,0.09297505684749442,1,0,normal
0.6542493733285206,2.0685232471661377,-0.13658662487722337,-0.7734189548878181,2.6584783004151036,-0.36610161670247104,1.6656507223967392,0.47818781711286873,-0.07754448525119192,1.808480805359992,0.6960546128504775,-0.18881144412559403,0,1,attack
0.5855965909844523,-0.26633306969781195,0.5000493667790127,0.41451570944570887,0.26465469553597587,0.9940616343906536,-2.682271789245187,0.6056061448716868,-0.2506141997012707,0.18099182665101232,0.5668221700355783,-0.7262252456425261,1,1,normal
-0.8435842520436538,-0.12918308367387676,0.10499218809123609,0.10369483932977708,-0.7970227059604554,0.015442591101791173,-0.6077993479877126,-1.3022370912680445,-0.3116473776936119,-0.5925869250275962,0.8097717620807651,-0.7111910911263186,3,2,normal
-0.7822693917544135,0.520974876998776,-1.1383928031304593,-0.6889736193800235,-0.3419803624981109,1.5415693681191347,0.8098775508633065,0.1845324342251682,0.6209606872216618,-0.9283264724533523,0.12358687501441598,-1.0959874486888157,1,1,normal
1.515916981249599,0.2703606522759772,0.09658387712097602,-0.8519718106818795,0.8090280548590532,-0.6066205551198007,-0.5703206101555527,0.0646857812301483,-0.9996323700183107,-0.4555959089414897,0.38183160776578373,-0.025189182280457224,1,0,normal
1.0144194093155274,0.35970951194156897,1.317031435655896,-2.6078065835971866,-0.18990139922589303,1.611820969626551,1.2633779995748036,0.21543404510716374,-1.242433151709897,-1.2686368795767093,-1.1672327146083037,1.0006886693280412,0,1,normal
-0.4605869181811825,-1.201659523362905,-1.3735696046406534,-1.2077173260231353,0.17660924692840418,-0.8418417740287737,0.168774907739224,1.0292937356273522,0.4846271361981341,0.385115875222497,1.2244872672708969,-1.0645199124507232,0,1,normal
0.5109987995622233,0.6866246430040583,-0.22997019281149403,-1.6301737928014821,-0.41319760737044464,0.702443813158429,1.104346881873776,0.6959799602884568,-0.5474451247998994,0.45533400674450564,0.27083392672507856,0.7126711156033253,2,2,normal
0.7641615631199812,1.1333487453717512,0.8491390148809215,0.20032423364276145,-0.03626199085651763,0.9667541047071342,-0.6248913195943889,0.8024593785139026,-0.4944406933956585,0.32789693082047666,0.358895086646977,-0.3967738161908807,2,0,attack
-0.14612491851832907,1.314890683333913,1.5234832482208875,0.6290233810669166,1.8486311216744595,-0.31448664121779596,-0.4424806668920999,0.21782294155152226,1.0026859441757772,0.4691266409125637,-0.5780562639614051,0.18252676292564862,2,1,attack
-0.16465302117478875,-0.2033477290395394,0.5391922048820997,-1.3658062682018723,-0.02108474722813391,1.2184137263124162,0.0920471177175814,-1.8698268209997377,-0.9283865801420861,0.2090648714739304,0.3876893758895171,-0.12925866374228412,2,1,normal
-1.6435793234051717,1.0944341154545072,-1.823007859911159,-1.2704445715190205,-0.03549775961809857,0.06386014934125966,0.4464995000236328,-2.0563531417324814,-1.6201354470760565,0.6144541847257156,0.016507373228584202,-0.38527163365609235,2,3,normal
0.1884858747652735,-1.0900898734202344,-0.2372608078243526,1.6352797345696193,-0.5366035383903267,0.4415355554861473,-0.8922951141402703,-0.6388834644676791,0.8391294652365645,0.8760505890761816,0.4800610052591067,0.03681896775849291,2,0,normal
0.4299218882916377,-0.13464214330749774,0.006364458031457065,-0.7723388481958938,1.341837086927378,-1.167553476198244,0.15552881808461785,-0.8208294954147691,-0.6099743085608846,0.5557154853152301,0.767747585024696,-1.170248240955441,0,3,normal
-0.047850975958262175,1.361353317096208,0.4130562693271574,-1.4842948068800983,-1.4400613702177882,-2.0949946591444553,1.1728032267155488,-1.4928362606180337,1.1815941141798605,-1.3628059664509238,0.9251175309932613,-0.734413604593895,3,2,normal
-0.9309370603097674,-2.22614419312724,-1.432531125922585,-1.6120188971807938,-1.8392593659696186,0.4715755160667675,2.119494260871428,-2.3602108687502734,-0.5226328533076272,0.2972339397879619,-0.36853361913760724,-0.23060094682336027,3,2,normal
-0.2119282916850931,-0.4635352534656994,0.6196246766138528,-0.3086133769256221,-0.20546960992442845,-0.1696962904852857,1.1809537717592595,-1.2154227142120613,-0.5407242611635809,0.23318949228302907,-0.5478875101629983,-1.3708725907667527,1,3,normal
1.0622022401290105,0.17673452724589592,0.33445242866030556,0.025988150172405706,-0.30364637747958134,1.3025583813361437,0.1798380224973733,0.6326724254707449,0.5926287771620597,-0.8064130489104923,-0.23546063191324199,-0.5807800121570893,2,2,normal
2.76695854808174,-0.4190629095934144,0.09712783507023805,-0.6758579240142619,-0.17878643590869295,0.9684056076026241,0.331541661102602,-0.40929291585398064,1.0849907693081478,1.2214288017687374,1.2466723422130017,-1.2916957152355868,2,0,attack
-1.0261946854388526,-0.8797228452483059,-0.03534842034863507,1.274507590872958,-1.1069118143765548,0.5689591996982424,0.7123594358656904,0.5180009182169345,-0.6668298302612826,0.313276494225935,-0.10454746670552463,0.109408141561476,2,1,normal
-1.0806987867282403,2.0864717508021458,0.26904168127389233,-0.6382580252477733,0.03977666316873804,-0.2758770265956276,-1.0531473663905448,-0.48271222369643707,0.7588880499064513,-0.2798231944526255,-0.7523731285086314,-2.015032295853569,2,0,normal
0.6804251805476177,1.3791889298700377,-0.35793621713514157,0.4843486924898005,0.6384720375898554,-0.1600657733743959,0.37906136172926086,-0.4395918716750362,-0.2271299328936694,0.5689767500488051,0.1478156723218404,-1.1841210381883684,1,0,normal
-0.45270775660117496,1.491432755276205,-0.2695336902215835,-1.063051152729972,1.2251392188064325,-1.1948420988878339,0.5720964239225218,3.3219040622843385,1.45492241977743,0.2894210100166629,0.9536587714570083,2.042841248674966,3,1,attack
0.3072795558125825,1.6900663368508697,-0.20954234000162097,-2.0304078400060614,-0.16373999805301387,-0.5644541680520704,-0.07807436236231888,0.698004225346938,0.015558013447586066,0.30962173554046835,2.112062335450639,-0.42968666195087485,0,0,normal
1.1438847405668402,-0.32630499171533617,1.9027597911418916,1.3261918662001417,0.45633692292493705,-0.2064828186317556,0.7375759330833046,-1.722797666520947,-1.6328212763834031,-0.3134791352587423,-1.2547386930196747,-1.9517918390130737,1,0,normal
-0.24723216705900314,1.5104858201339029,-1.1311185432925814,0.948171486614539,1.6958474417595701,-0.06326982923907404,-1.0293270242404522,0.00722564103524415,0.4907246229523416,-1.8714575337894006,1.1511422999609988,0.7947884088797826,3,1,normal
-0.6135461183482548,0.5467234422136227,-0.35802287442125585,0.8248534370221529,-0.15756962191577303,0.23415896716174545,0.5220928358731712,0.4692453556164063,-1.1806828237802514,-0.6600374924995354,-0.868122014477874,-0.7816019065789046,3,2,normal
0.9267311303781159,-1.5951703849234924,-0.17902980605815913,0.4857149175733349,-1.6072865605060327,-1.3760039945605387,0.2880567378443964,-1.498884237201029,0.6282894068335648,0.500450043887534,0.9264502862036857,0.370639131655826,2,3,normal
-0.8894855774817448,1.480564106775869,0.6447679561386218,-0.43619205102979386,0.1454080503398699,1.9086185336305608,-0.5784606602039295,0.09952483255927723,-0.7243621889449221,-0.8820483826124722,0.411553312669389,-0.6456372982268688,0,1,normal
1.4793564814652496,0.13292261026593594,-1.1643317648240108,-0.9795283071732729,-2.4563610109931138,0.24587654912669854,0.8757321804619627,0.028461357585749192,0.6968278903863036,0.28170717549824964,-1.2333562214657139,-0.5318916008473866,1,2,normal
0.39886405682444853,-0.8297643377748171,-0.25747775269708356,-0.510922413652325,-0.06093011418576445,-0.4598561054167075,1.564560814425909,1.1301283690545774,2.3017836144301116,-0.3894567271051091,-0.20035204682824503,0.40655567925078806,2,0,normal
1.9420716567837248,-0.20697194976696223,-0.5954383929068092,0.9522354377191002,-1.0990640013665072,0.009287214790348487,1.7719694676854068,-0.9562118828405365,0.5246662837802643,0.584220813640384,-0.8278765181657993,-0.25496279100003144,1,0,attack
1.0117058832846424,-0.717571079041247,0.020919305893871972,0.4678329610300346,-0.24420723099721753,-0.3375370540698407,0.44288987034824806,-1.424199911868806,-0.8389956277460494,-1.3906296010753636,0.35075574662529396,0.13187305666066435,0,0,normal
0.15895486786150398,-0.48129585954564696,0.942917957572325,0.5826561305000457,-1.4331108951841591,-0.17890527417277424,1.0075781727136353,-1.5268922067835253,-1.358034320705198,0.2672401870889849,1.5435925965911494,2.035499870355527,1,2,normal
1.7741311964379796,-2.638166446202245,0.2983995421716537,0.570359768789854,-1.1129706919122102,-1.6507897622299819,-0.7606676902041327,-0.23826302443947608,0.2567442984856062,-1.6225461563760064,0.00745925247628024,-0.47905334388640375,2,0,normal
0.21582160520951882,-0.15147435417078564,-0.22784469326241355,-0.14900303661479264,1.1769548555150415,2.104407112341649,-0.5789053083068756,0.25575891905184134,-0.8310371393105807,-0.7124207288853139,-0.5653173012183595,-2.0034026533531057,2,3,normal
-0.07016920177246594,2.198836863832825,-0.12351924896480986,1.3945281560100726,0.23562688817151364,0.015031189044094766,1.674126032476755,-0.21366863904189695,0.1637533258416008,-0.8902519379754733,0.608516848431977,-1.126841445124278,2,3,attack
1.1976014295171002,0.6641791800805406,0.1625999682720977,0.8446357140345152,-1.6992962615254659,-0.10156545231710497,1.2319290982357103,-1.1582278294196762,1.5998816281321426,0.5254779813735645,-0.24652177560969252,-1.2596660415159577,2,3,normal
0.7790826658894011,0.23609556610221558,-1.734042160345289,-0.7209705041878751,0.5264807463229373,2.5193429281072715,-0.6770804183407994,-0.5598537204157205,0.3374810426242786,0.18179416386853298,0.2514946496755581,0.9930761208253275,1,3,normal
-2.0169653236763656,-0.05991833236684074,-0.34270408849085576,0.6435122981711725,-0.06821656972063808,-1.657784663679955,0.3045278198523367,-1.0806790684456256,-0.5513923219209486,0.4400874362281543,0.7339740697547903,-1.0629469892757448,1,0,normal
0.13309720706705097,2.385254747755141,1.6555079814953715,-1.0237961893628544,-1.8734783206480794,-0.26467781822383113,0.2651750770026613,0.15043758600956,1.174396189427918,0.04954454719745892,-0.009994389132746459,0.41037351665241634,0,0,normal
-1.4125709488438312,0.3708422189334463,-1.10133683051116,-1.0072913881417387,0.39199067411241184,-0.045410935511572,0.5853370202784759,0.3033170666524262,-0.220008430590511,1.1763074327885883,0.8240778743480686,0.9124832921043963,1,2,normal
0.2654445891551769,-0.1256162157996578,0.9925437945533496,0.49336129629849024,-0.2924005313316149,-0.5777268305506292,1.1006954827503104,1.1000662628348117,0.7201939279772792,-1.9302456332486098,0.03818328562384446,0.9061526012874708,2,0,normal
-2.4424045744092466,1.1143206534755508,0.4993708822424936,0.5045172238414364,-0.2844709502112481,-0.5791436364245043,0.5162695485411711,0.554178238355592,-0.9375459416127675,-0.35071662867636977,0.9604449708881101,0.644291391182056,1,2,normal
1.0612842560925455,-0.4839511522261073,-1.3853134525039683,-0.93066845640313,0.7072910728167232,0.6762842883617933,-0.19670176515947999,-0.3498644964199864,-1.0881295736046548,0.8710772023672616,-0.9237204943336168,0.21488918608623458,0,0,normal
0.8385873607296588,-1.8130756284652239,-0.45171044305225216,2.2637143513928697,-1.184056210646024,0.776062072094164,-0.579705213880252,1.1179325895975005,1.5105260796599507,0.682109075219854,-0.1937660950674723,-0.977074493718043,2,3,normal
1.1321553607680381,0.4398307877851387,-0.8501015424521429,0.08604757010840011,-0.3391296714043612,-1.0746242416254612,0.10349021975255351,0.6571990451105739,0.061903672218106595,-0.0909761080785241,-1.6951758928452278,0.2600540740049481,2,0,normal
1.105214762811046,-0.201360554112105,-0.5100847478436362,0.9971722717743269,0.41641507293829394,0.11586571064211877,1.0091879542869258,-1.130692104128381,0.4989607453410039,-1.0484108279446016,-1.5263375084636617,-1.438751415104298,2,3,normal
1.2856867338251645,-0.32595831971926836,0.6499340012853158,-1.702922950550279,0.008121991835981491,0.4419334468562967,0.4055679502956729,1.7766660148413729,-0.6249929998313822,0.261938380458471,-0.20477328692359525,-1.7278894423279578,3,2,normal
0.6162380617456911,-1.1060927785057075,-0.9625152743041563,-0.975291114004847,-0.3035826527112828,-0.15044657098329153,1.5448016305161976,-0.8776483088911264,0.7167299848679005,0.8175448278903344,0.04214601364371863,-0.19299947951620042,3,2,normal
0.9651246965555472,0.3295165884656355,-0.699347534551645,-0.31722689767986745,-0.656885230877877,1.136596322419103,-0.6052269247619148,-1.7592038229725284,-0.18308372176492096,0.42552714835288485,1.1300644989033608,-0.3200580395409606,3,3,normal
-0.3773356284660235,-1.2999623855457474,-0.533214370625938,0.7342230890344442,-0.2538855439468359,-0.12573285167617163,-0.17671788861598686,0.4602881047876284,0.8847146786744352,-0.17041119655862388,1.0634817442487583,0.05784422366839655,1,3,normal
-0.621183531224407,-0.30136301438592694,2.123288419849398,0.49856895935968565,-0.797780937549558,-1.2777613127245513,0.6861456902139029,-0.002013538459329938,-1.2265684791526625,1.0879178743238744,-0.3476845845533485,0.4045388144764491,3,1,normal
-1.271971440733811,0.8406201756703542,0.8452481322719908,1.3056503232568841,1.9297666506612383,1.0635538412791639,0.6364674150713443,2.139079233954894,-0.46598751225046364,0.5991332424584466,0.3814121198300893,0.703237435247055,2,1,attack
0.18905263678078377,0.06353288779910297,0.0026800824064210278,0.08340665793703793,0.2381794856288913,-0.21867974206568444,-0.7748145850952463,0.28554916904651667,-0.7839318570863516,0.7696857401966474,0.6301506100965616,-0.2098490587313078,3,0,normal
0.017326465400742588,-0.042298299282558564,-0.6414280944857993,0.23822614563556,-2.390562909862148,0.7465795248931636,-1.2717899158167003,0.4784249102616424,0.1275278144926258,-0.8363215713915417,2.1631323853799707,-1.9648934153925302,3,0,normal
-0.03633016547693157,-1.5012620476580136,-2.0117869143652323,-1.5356925795499938,0.05208493859453395,-2.072737245500383,-0.777271611118763,-0.4294177135912238,-0.3439311922263245,-0.2297931738352887,0.5936249013056181,1.2879183916583656,3,0,normal
0.8621176997349316,1.7653715690911251,-0.45221842333034085,0.40981458247803615,-0.31390540830167973,0.37484589709629285,-0.7654615984261397,1.3525752590254791,-1.5565004866257002,-1.3808958511951328,-0.6436088775248328,-0.6246268094672425,0,3,normal
2.3171901217613047,0.4030875882516593,0.5317402686804141,-0.41302924841024385,0.897550970214822,-2.361062588529624,0.657877984247109,0.29836773514008236,0.13108840661144175,0.854289675956833,-1.0836243954846494,-0.2138983592573052,1,2,attack
1.006748340279602,-0.503532493258497,-0.3649108860138667,1.3423035550669804,0.8780800087874517,0.813319135163543,-1.94145491069253,1.2358218785895851,0.0021520587810383413,-0.2414021645409851,0.4573075201739053,1.5812962754951896,0,3,normal
-0.047360980230188435,-1.2507033747549308,0.054770130364231034,-0.7168025514131745,0.6992696228194412,-1.1918937571953592,-0.9269224747432246,-0.6041186757826678,-0.6582277558524988,0.6246951859245035,-0.6140366836721114,-0.6467259038657509,2,2,normal
0.026102756746085688,-1.6264107988097882,-0.16987411663653518,-0.027713758343062753,0.18811460468874824,-0.5427910650480346,-0.42958401173244437,0.10310906414300669,-0.6768709545444472,1.2938071716842576,-0.8865180360799612,0.3505232207283448,3,3,normal
2.197563613913593,-0.4641982292479526,1.1318742485262134,0.44607697490634673,1.2297136752751257,1.7310445521577231,-0.38106494268384133,0.7269756664824718,0.8250667105495995,-0.38230112614481543,1.4096659572940484,-0.9457581313841492,3,3,attack
0.4634249379627492,-0.7060730827754375,0.06728358596916208,0.1175994220593594,0.24790104846418884,1.4634459238885396,-1.7918148430100158,-1.7425799719048432,0.327754740830792,2.1028458592309587,1.026129811620799,-0.038148549450326454,2,1,normal
-0.02902694847909224,-0.4880591774611719,-0.7240427474731895,0.12694263110152287,-1.0354481872751269,-0.5562324192712118,0.35318410000420675,1.3099738292682739,-0.8189994931079564,0.6482374988818115,0.9311383672041046,-0.3284089780084314,1,3,normal
0.20173439155357106,0.2511682310560464,-0.534414280396281,0.9484714600246826,0.4930740599167454,0.8844549001068236,0.22794266199378152,0.8784369854405627,-0.9592297463755751,0.1915126158541363,-0.7773970492252791,-0.9023174740273847,3,2,normal
-0.34764356231308347,-1.3097246453819946,0.5804523454501339,1.131425556814375,0.9287069073892388,-0.6839438915034574,0.5694786086572357,-1.0000537483692669,0.023667485137440613,0.1064269009078798,0.8549358449786039,-0.11484036644780114,0,1,normal
-0.8402171994768737,2.3503130330821476,0.9783159952533246,-0.05671034303414086,0.49923362455336656,-1.5653052191148193,0.025867691976298717,0.3359166719042705,-0.04780110693475956,-2.4671580680644998,0.7368863039319288,-1.4210545896970697,1,3,normal
0.9478146977664061,0.2949729171623752,0.08800369144114548,0.8398694282246008,1.3087071926915164,1.1166244700364845,-1.8172619477791772,-1.2625487023527198,-0.4367448452733797,-1.3663256653641607,-0.008407172570274152,0.33140834447695006,0,3,normal
1.4828959083084892,0.4839569733171839,0.7216447251258169,0.4952677637545489,-1.1784158015825028,0.41407520788562896,-1.4253720429667947,-0.21997957459697762,1.1916204259784675,-0.6476153297522579,-1.170956174173124,0.82605789539379,2,3,normal
-1.3061533239029082,-0.0721986019953533,-0.5569047388292694,-2.075055088602718,-0.3953647528514589,1.437988396990222,-1.5223598485037233,0.5156088091895237,-0.9589431984708046,-0.9167830158351546,1.5232645029004994,1.987573653351399,0,3,normal
-0.23928970179118456,-0.8598948585491772,-0.13892373127293833,0.0018406280762208384,1.4101830880328883,-0.4630596996790505,1.8354394110600336,-0.16363871416701967,-0.342445939262324,-1.53610311083126,0.2621615617556598,0.3576641185372071,3,1,attack
-0.7866436917556405,-0.041800498446996015,-0.43125270639173874,-0.5257394879149687,0.20360386336799058,0.3975268218496438,-1.794936136919138,1.2380038860713087,1.1112358883108635,-0.23464176025972663,0.6748998008407211,-0.32644135925281664,2,2,normal
1.058470637790491,-0.4795870300235571,-0.2565230419346011,1.2143628797074721,0.7369654149334757,-1.703973326494204,-0.6159019825220471,1.6866612220094042,-1.9376386821061207,-0.5607895125218545,0.8153378733096919,1.0128206055089306,0,0,normal
0.3916838366396935,-0.6412080248697104,-1.723181932642541,-0.3654847196959058,-0.5020268336044073,-0.40552450153027825,-0.5361665463793625,0.2716118770018348,-1.5961910148790934,-0.7249612218971621,-0.24402139225830335,0.5173834612072921,0,0,normal
1.162902453433415,-0.11929090914564827,0.5473372239780887,-1.4275265585483117,2.2968797645543217,-0.6104766186523761,0.9103071128998639,0.6476538263314097,-0.04453651186397153,-0.6230480043154122,0.5832180910217294,-0.42487605103629394,0,1,attack
-0.2723125410272666,-0.4489331514544709,-0.004946613406921096,0.3794763063129943,-0.0313570928397883,0.04459662592552578,0.7531094559989342,-0.07389323065313146,1.576282858250604,-0.7542446440899838,0.30799386802496087,-0.991774508666912,2,3,normal
0.8029822971765017,-0.8204833325278378,-0.7151903417232527,0.7764128118506612,-0.593540658503442,-0.35724574723622543,-0.18617298673738406,-0.6229654888464858,-0.959478180439133,1.5497108047651489,-2.0135229775086625,-1.5671787591804767,2,3,normal
-0.21119426754263884,1.3970398388997614,1.7799759889885112,-1.9144871810688069,2.1026138620741666,0.18969863741446605,-1.8214584327720145,-0.30166155131309974,-1.0456173253568037,-1.196480819596935,-0.13695986270194424,0.9132066075430649,0,1,normal
0.7867626845511473,0.6452466872316918,-0.8224268862591761,-0.31071674039012503,1.1950865770945414,-1.0367406059007467,-0.7990007562063571,-1.3682402973548096,-0.2759675748033462,-0.6263828730886102,-0.264857734703723,1.2388485215055887,1,2,normal
-1.1178005151079258,-0.9857364280481358,-0.2709715028164656,0.2786388542091754,0.05303260608258551,1.896780331775698,-0.43625849567245606,-0.08998917150034288,0.502661235820296,-0.7274469936250606,-0.812032179547773,0.010534116763583049,3,3,normal
0.7635305956688972,-0.5755733079102875,-0.5042841970532468,0.39786474414109924,-0.3523303899010411,-0.738825555902681,-0.29838377668001254,-0.6024741384421359,0.8321159393922376,0.27087915966904785,1.7254518145823987,0.31348516631184364,1,3,normal
-0.3074916448859169,1.4363975283776544,-0.9357055950927643,-0.11601902339075836,1.6725885423602065,1.066965221852893,-0.2425472346912885,1.4715515245833453,0.2635154510564856,-1.3095977670204584,-0.47005668657678584,0.7660547929462556,3,1,normal
0.5705795813523687,0.417703393969607,0.428419220255337,0.3676948898400296,0.1723448306166561,1.177229266226221,0.11067280667093225,1.7850192111120824,0.2843094250817269,-1.1685787752604886,-0.25985118529599466,0.3431798988953065,0,0,attack
-0.7536049484190227,-1.4174426257606607,-1.9756161316879346,0.40739707443467627,-1.0899500499829953,0.5853123258907726,-1.3755726991083606,1.0819071800941849,0.25041648836371716,0.48589850818050806,-0.39022359871851114,-1.3074256041123413,1,0,normal
-1.01850314562221,0.8644203274517197,-0.39221767188783857,-1.5957556769315795,-1.2767525510175728,-1.2347222454296398,0.26510047481025495,-0.0023141632723967832,0.9226209107942374,1.565164514703551,-0.9034415279155465,-0.3520023330790819,1,2,normal
-0.9429333230345072,0.34767823527206015,1.0355158914381875,-1.426341771707209,0.383433353494333,0.46190300578614457,0.24259456870252552,-0.07500248510408064,-0.5460972611334791,0.7278224889028562,0.7210795374252811,0.5955792180100783,2,3,attack
-0.3343753615645928,0.7384839631601342,0.4521259936653211,0.5081595041980598,1.1349833400984954,-0.9842289495078986,0.23881095635132832,0.6383827247487481,-1.4527249306336094,1.6019853429150541,-0.34406539866123487,0.1716576709193492,1,0,normal
-0.6505029759566219,1.2772237503963766,-0.8784659389185655,-0.4073221704187142,-1.2981720165958368,1.4064539858078022,-0.9030044223030105,0.2613900459477541,-0.6659288969242356,-1.1944991289253815,-2.535328308295536,-0.5875213962763441,3,1,normal
-1.4327478183414832,-1.1750808311865497,-0.20646453188882008,0.26667910838771564,0.832248683398971,-0.5499413068428762,-0.188535094599889,2.3822377142893716,-0.5912867455230233,2.660539390645373,-0.07964499079725201,-0.14156751213454205,2,1,normal
1.8040510636761278,-0.5899443516655275,-0.5255796582507145,0.1898798182384675,0.21408461874463225,-0.7407771735209332,-1.9949239050118384,0.10848003355404341,-1.3010024095917438,-0.6980537352669178,-0.09444675314469562,1.109867463089549,1,0,normal
-0.6237522019049108,-0.9197781854360332,-0.009610897167271504,1.0231413010519284,0.4409986173420515,-0.3849671813289731,-0.312131305112409,-1.1013401141661436,-0.1582367375822804,0.36123900820427585,-0.035944709827436874,-1.271153122190959,3,0,normal
-0.6129903164285873,0.8434705046712299,0.04643907815423251,-0.5740352073491999,1.7416248541028954,0.4784825620853088,-0.6058255126090848,1.8464693576707478,0.593979950264125,0.2328496322040435,1.0906825553270565,1.840255393728071,2,3,attack
0.41429034001249765,-0.2534221393373607,-0.11106846274228446,0.6396990632845548,-0.7120091115687383,0.8250355259513363,-2.179016840980861,-1.4171480138577468,-0.5164333100231882,-1.6824321815904237,-0.017518355091329357,0.013527527311666539,1,1,normal
-1.446187041859302,-1.1548503544352453,0.014319957337208922,0.5788982689085738,-0.5842908501378153,-0.10928272700257396,-0.15390556616903361,-2.0633219993521412,-0.1732684123528041,-1.2981978925541604,1.2671867135225399,0.33812083814206445,1,2,normal
-0.8687968972903181,-0.47762155777282417,0.5351483894196153,-1.439869011791758,0.7471726981346809,-0.8573776077262946,-1.766157788475359,-0.20472698858751623,2.4231285540043803,0.28256215058201944,0.6213177801983248,0.18725585076402093,0,3,normal
0.286443995158747,-0.019570102314957746,-0.1841105434715157,0.10667997362074143,-1.0558588676463208,0.25270252473403276,0.4370894083915221,-0.5691934038621833,1.4832950457425953,0.7043486773190919,0.846263497233551,-1.651131867898953,1,3,normal
-1.0465375148397675,-0.3981008387140248,1.0960948892817473,-0.05139998051162345,0.14585044547827314,-1.7651883542875473,-0.18459825067253577,-0.16105207960457943,0.27984903505700043,0.2294147070789878,-1.0614189897412267,-0.538835986713862,3,0,normal
0.4478597764471294,1.2503289935825663,-0.11247437794484898,-0.9140185159619756,0.5435362936053751,0.802130492334186,0.3030748145078588,0.44467058030795203,-0.4307962287121276,0.5050511231816925,0.24091129392495494,-0.9245522160493174,1,3,normal
2.1822621927653896,0.9032495712826186,-0.4955627164202944,0.23021435977020963,-0.3330239943317613,-0.36294600224227924,2.938503689175423,2.1996253462994666,-0.4105771617913167,0.07684618299132633,0.8087107792420333,0.4069014287226834,1,2,attack
0.8892237418749712,0.763540729759673,0.5613312978629953,-0.5697907223218446,-0.6751373310296712,0.21325662293704148,1.152975747102338,0.45638629079211085,0.30568761094588354,-0.9498280605940917,1.6520678185218378,0.22733489618271688,3,3,attack
-0.40807128312746627,0.2518950532025386,0.8634771315736381,0.2671690786540845,0.5103847396069964,-0.1535786440951001,0.5250184164007028,0.9701020011097148,-0.22129436398997582,0.526976964562488,-2.382904061485861,-0.47725421833807763,0,1,normal
-1.348634939271793,-0.9734931781350528,0.3851587830298372,-0.7414095287877387,0.5031145412448325,0.6493198380699157,0.916503906719897,-0.6619154812347753,-0.04728635701642854,-1.048820630981812,-0.019460091717821044,0.5998789525995996,2,0,normal
1.944448308928238,-0.20834952585871028,-0.4428607429279615,-0.3000514189360707,-0.33559860531668295,-0.09586371822128441,-1.1028661004805371,-2.260261124944947,0.6768681436118521,-0.18681573039885171,-1.1746528242722012,1.5340001904155967,2,3,normal
0.46361647631888964,0.7762088476909001,0.8690217887481613,-0.4432713662573758,-1.206076293986654,-0.18068188521838982,0.4207011047246762,0.2753226561091263,0.9532788348276543,1.0927017103180974,-1.2073266343042914,-0.3683271580620675,2,0,normal
-1.063786000163985,0.4462932843762002,0.1880030300568575,0.9136694341062465,-0.7942486252420123,0.36719862208557863,0.5789780300117222,-0.522663223569569,-0.3999908967645763,-1.775238015648214,-1.3756773092053043,1.239905011204883,2,2,normal
0.34255722676399913,-1.484403179189973,-0.5467750045453352,-1.0074545862545057,-0.8567819741873708,-1.5868002314794505,-0.544146791911042,-1.1594379825976384,1.0374391572697637,0.45971010334491913,0.5810427476315203,0.7592445389682142,0,1,normal
-1.132808068739564,1.7124936873796177,0.6454492503371405,-0.6819722467737102,-0.41199386700774926,0.17519712243771404,-0.6343565218847481,-1.0981950883419203,-0.16012034341653608,1.3803870831046428,0.5166223383339799,1.8696013706553867,1,0,normal
-1.2264266365303822,1.2697363525397478,-1.1774164015380224,-0.7371047336743476,-0.3940128748421804,1.1567217064445383,-0.41212316642633845,0.7390628381583353,-1.562177685963377,1.0644852256502435,0.6327732518057259,0.5763924314273491,2,1,normal
-1.255608359524707,0.177678422648282,1.01131336427015,0.31004778942128536,-1.2636268162965316,1.362066988965104,1.6091233000954976,-1.6877399190622124,0.34907588880105106,0.26288020562065995,-1.2425239976263291,1.8446505960834136,0,0,normal
-1.4225669979996716,-0.5537522114115635,0.7247890649690726,-0.7282443440957369,-1.175829708549911,-0.11199735702948062,-0.9467862465125874,0.06934187709620007,-0.1295911416404688,0.38594811170305265,-1.1187090905273056,-0.9212582539956669,0,0,normal
1.3883938003997314,-1.5497214709806224,-0.7980082986010597,1.1872752720678585,0.32595103122501784,-1.2772447041295025,-1.5668592823101766,0.8410497862221241,-0.15717231093940898,1.4332375815369758,3.319278474699528,-0.7678969862522522,1,0,attack
0.5255489186191172,2.6316770100789686,0.09363991230608133,1.010451339752375,-0.4410569134719081,0.608534323664365,0.5683018630715257,-0.2264655007793122,0.1755203477657989,0.13686456565572003,0.0080173969740867,-0.6058424756764627,0,2,attack
0.5489139924490606,-1.0390537631345662,1.6385497293845497,-1.1834009110477406,0.9307718100328484,0.10438411407226267,0.2605580961182257,-0.4108518348104597,-0.7059516586768849,-0.34097658326739533,-0.04005987140836898,-1.4050320305822894,0,3,normal
-1.4375928222258636,0.2213584643363222,-0.6626760876612181,0.022082137422473475,-1.1848805020395758,1.7714377651140012,-0.69809968952902,0.06724360737874975,0.4326875228838088,1.4985334284446323,-0.0876930567129483,-2.4053819350024157,3,3,normal
-1.3735581585985541,1.8602646139882193,1.3065153258529123,0.1301843984948308,1.3376402062942387,-0.2474713867643521,1.2281585506954245,0.571232585213392,-1.7289920053929546,1.0452773950085756,-0.3738219748504636,-0.3449827045524389,1,1,normal
0.5698976197265243,-2.840720079243099,1.1190847034422629,-0.7715616690953738,0.05438268185165949,0.3480376201767848,-0.4729761438329413,0.2580192644229839,0.667950844866933,0.49651868129177595,1.3339324135509514,0.8061845021293459,3,2,normal
-2.615152645938273,0.40682810970627803,1.3773279434387935,-0.34256440422840995,-0.6411242873211093,-0.17969320735175104,0.7435474657770652,-0.8428868313389092,0.3764322351153643,0.4356373388093435,1.0129304314190095,-0.8383885738632376,3,2,normal
0.6431299383875658,-0.5813629556784883,0.05364674401349905,1.738007112871159,0.3626027739773862,-0.45489484099794963,-1.35964893715196,-1.3691834743800022,0.1305797091991172,1.2666580363995987,-1.49700076803486,-0.6232954831324085,3,0,normal
-0.3175734481842185,0.8281577267597442,-0.07786327549936134,-1.1359294153674022,0.6669526807474548,-0.6833007357288228,1.2516919398349895,0.21178004924381033,-0.8570126134762797,1.9513998016606287,-0.3979155993228896,0.7623201898374254,1,3,normal
0.20999835249384427,1.039255917263225,-1.3275318691946378,0.5977586009057095,0.44939805702215546,0.6571370224387802,-1.3447193497055092,0.24307599639829422,0.6270530256005247,-0.4302261016266574,-0.24818181093963104,0.15376269575163745,2,2,normal
2.0119180284362876,-0.1506292495978937,-1.1263655473773413,0.49263069924674174,-0.0004712029784410496,0.4988797324674977,0.94830421298608,0.3714668910616481,-1.1222814479398677,-0.19706195540070648,-0.4076355446548464,-0.6023518246296933,0,0,normal
-2.090899560334757,1.4327405211304467,-0.37765526288486595,-0.5582067745387961,0.1273741043225027,-1.2474726031915422,2.1038578195780544,0.4564226582007456,0.6524189173122397,-1.091702293595287,-0.5607241394941224,-0.19468141137653086,0,0,normal
-0.9064655198995271,0.08070643470097325,-0.2633971312219609,-0.1977643820898819,-1.326999226934369,0.6982323303506541,1.7889837037207608,0.3832349352404082,-0.8107596471546128,-0.25287580194439724,0.8516164548513614,0.6950434002361923,0,3,normal
-1.283597874396619,0.20973816900319783,1.3695483782136118,-1.0300544219893693,-1.5466478376530228,1.252451830841619,-0.8210649483375391,0.517881427078834,-0.06400210727250384,1.9540039184032043,-0.008252712993711782,1.5400203959624656,2,3,normal
-0.6681637629839872,-1.0195133863939707,0.048861153676836994,0.1490871296017913,0.2871206475531311,-0.6218740487630466,0.3326584202284803,1.144384963018171,0.48529932885985066,-0.1867363397897932,-1.2723847604249259,-0.004736871243288135,1,1,normal
1.2183717584309373,1.4605277284848888,-0.03820262115607667,-0.603414521594629,1.5101997984837765,1.137966176102991,-0.5840257151829927,-0.5027407587694558,-0.6717856863528793,0.7581777831594786,0.8351807698028987,0.917300977331534,3,3,attack
-1.4615114721209659,0.4314680409419982,0.3799404426415588,-0.33113808105969417,0.4091400440152155,0.5104098709388226,1.4286970341513063,1.364397132583326,1.6087382572749975,3.1117319342834584,-0.4643814238429623,-0.11505937150924944,1,0,attack
-0.382965107359571,-0.3009728927256478,-0.2347296579443268,-1.1582017697206057,0.010976078089075393,-0.24812148012613047,0.1617057991622212,-0.7793349552675459,-0.041159511317247634,-0.00017418645609850963,0.18437975548969032,-1.7583874613633848,1,3,normal
1.7259749698026365,-0.16131528583345517,-0.10628253980192207,-0.7346892036951468,-0.8451707936852382,1.0612222894968606,1.2804576720667784,-0.039962758537729626,-2.210831121522085,-1.1351294929165305,0.022877748037698504,-1.1185533308256228,2,3,normal
0.10243016846558202,-0.4370191973311386,0.830424233803161,1.4762955616245892,-0.9153383038966583,0.15490035890242573,1.1180355991872348,0.22382260423682482,-1.1285639302526658,1.8479198559821295,0.4826446805008058,0.29043051797385744,0,2,attack
-0.4221726859032435,-0.37889744471873427,-1.676980224553327,0.4294655305392392,-1.6135411609896688,1.74835680432096,0.336979366700726,0.754840900127778,-0.39379827424394404,0.6411878200958566,-0.6301113190954512,0.1534190415607103,0,1,normal
1.0973878060313287,-1.2104527837982342,0.42056332729142765,-0.21574855609496973,-0.47304834279154445,0.9914425713918338,-0.7295033895843478,-2.3855585819658476,0.6481702530328514,0.17163351120335743,-0.3311260769914201,1.0852119929076138,1,1,normal
-1.6632324631894289,-0.7183398105138611,-1.011126844876829,-0.9461466481163505,-0.4838972229091307,-0.5914306972622235,1.092948804042691,-0.030209755662145982,-0.7976844268382609,1.1752027073244702,-0.9702850735607336,0.6505858856518895,0,3,normal
-0.23967235995355854,-0.5324394815296827,-0.26767800528932134,-0.7712674514266551,1.1261954147206168,0.4544297995855599,0.42179520874699317,0.8704502802657538,0.1448010579667336,-0.13014878469839808,-1.3855180213320628,-0.8132381436461075,0,2,normal
0.8570677691598119,0.43263005193267456,-0.8212581238000041,0.8476033510218579,0.2328052559992901,0.904911335908143,1.3857655791285766,0.19010437813826594,-0.2042485446017522,0.6863639186793457,-2.190285734403835,-1.4287529066831866,3,1,normal
-0.733552925676527,-1.5705142730562922,0.27283638782845065,2.2187014443374773,-0.3479344425256436,1.2524035479375208,0.2600022639629283,-2.0494819363995447,-0.06373117109573824,-0.22970259663203715,-0.4452599383570807,-1.261138368196433,0,0,normal
-1.559383579444473,1.3176825239961927,-1.0364874401055941,0.9539405608782773,0.22544051829003234,0.4735287123379187,0.23715162809155055,0.2400541519766057,-0.8193869547082608,0.45634940671312646,-0.6413723554229727,-0.24071191979833137,0,2,normal
0.5649980227844242,-0.1758549749912485,0.8250659062547916,1.6566579382957654,1.1837982301765604,0.4024185781419287,-0.5051905940732532,0.9649124382958084,1.2324097401903304,0.27041241994805004,1.285563216202063,-0.13654447085606988,1,0,attack
-1.27858079071865,-1.013517502553291,-0.6050253279175225,-0.1546363507261834,-0.31469274899781263,-0.7316569451696971,0.6763128419236744,-0.15106417307604805,-0.3184580478262994,1.210075025455338,0.39396206172708287,-0.032749252609107105,2,2,normal
0.9233842105003313,1.5246408225289156,-0.009730732072979635,-0.7010715987494816,-0.7091086269554797,1.0377692121653146,0.21229991634369186,-0.030849189999066603,-1.4334454307365894,-0.5146084330015845,1.9039474112794574,-0.28092805016226086,3,3,normal
0.6030426718220758,0.23980165192999542,-1.2223425516465942,0.6098785432088862,0.030602333879575103,-2.060745958940829,1.0952735981631325,0.7780210352846024,0.0890553587131522,-0.2575945296345514,-0.7066992610064208,1.4477924346297861,2,1,normal
-1.5444620736684314,1.1111837876882702,0.6040828587514502,0.008656235156314147,0.633621411185179,1.7666943737665324,1.8071027657664283,-0.4995272265762582,-2.283778967741507,-1.4568787619450299,-0.3358027009907133,-0.9159559221343723,0,3,normal
0.2658571063619205,0.24459097618616987,-0.4642185759301281,0.7600604924551727,0.40544430878136534,-0.3440915285235435,-0.8439703062007508,1.033629042023986,0.4445350170826989,0.2516943863413873,-0.618311935457293,-0.15636669940412704,2,3,attack
0.7656635052198013,-0.18099226584259653,0.9805462515001323,-1.1751858281966312,0.9493382931172213,-0.6395530684105738,1.2403144916206972,0.3379720396689577,-0.30595980306518655,0.8796175548934698,1.2290447680782004,-0.22119009712973692,2,1,attack
-2.3716721714617695,1.2539522300069463,0.4517829505753558,0.5176714531217615,1.2669502597825162,0.2687194319409322,-0.9653263380600287,-0.4946328593867568,-0.19664479692854941,-0.5681082492836748,1.624330229523808,0.6551804090397301,2,1,normal
-0.26730209277997735,-0.05043783793886137,0.5700545117071031,0.9303432179582783,-1.3144012114138424,0.1317917820291311,0.5403131598481558,-0.46993891082908484,-1.6020823478475887,0.04668553601530476,-0.7413659817591494,-0.13712582676739535,2,0,normal
-0.8301112501423809,-0.08562738617529356,-0.2474642783676278,0.9480414654890617,1.5248989209956239,-1.2261854285186833,0.3881404776506559,-0.6116977465667388,-1.255918550819852,-1.0814795017926793,0.06320231959483634,0.679199952973387,0,3,normal
-1.9967076355233766,-0.051835096584263614,0.7434253334247393,0.8237416444407789,0.46227124618645593,-0.31228286235577124,2.277433573964665,-0.5675744710065489,1.4061450134915119,-1.0353157511121633,-2.0175906972722797,1.5473266277290343,3,3,normal
-0.16572444285788068,-1.9543528950597124,-0.7655454689523127,0.7770475277385495,-0.1864367686832783,-1.536353301084624,-0.0646407340711981,0.3728678030649552,-0.1743191690853396,0.9056145963696414,1.1752494809163123,0.07414415812107306,2,2,normal
-1.0681929413877784,-0.48866885196174725,-0.5284333826418174,-0.09054422659863302,1.3369320440583945,-0.20276524399281012,0.02241511387321772,2.613825773956381,-0.1746558519005814,-0.4832655293880286,0.08404836512487346,-0.09989046817281157,0,3,normal
0.20758851910885487,0.6844699256402698,-0.0016646136471328331,-0.5554836379510553,0.8023750972291981,0.5001586744587118,1.4089690456990378,0.19060436125098631,1.1157273687803395,1.6896133542754261,3.0915937544394994,-0.48544323514871257,2,2,attack
-0.10120858526833228,0.25853057752862213,-1.0286199522424337,0.04307591178049516,1.2398287535637758,-1.4093756679929845,-0.6848950957776597,-0.8632045544613133,-0.6286552537492002,-0.9563149513532678,-0.6916854090825707,1.3736385511905282,0,0,normal
-1.487907353250185,-1.668299844940054,-0.1638109624220686,0.023581296828805318,0.7058430980103637,-0.9482082833200075,-0.3527526184496662,1.5488553878651348,-0.2861270372629986,0.2893703784854348,-0.8255334256922355,-1.3412493444091915,2,0,normal
-0.4082257451200214,0.9661208024625744,-0.5912419393315458,-0.8293370651679244,-0.4320828595206093,1.8467090179423036,0.3561098692872895,0.47220039917293527,0.8213229696928115,0.31751164055719316,0.35923700022058763,-0.021943786889080222,1,3,normal
-0.6653069925343542,-0.04035202804133314,0.5103821816502859,0.6022542826567943,-1.3640940137272302,1.7314921935013396,-0.12654534049062155,-1.0611669958431948,0.6916279626390334,-1.1733384762892936,0.9783185338138766,1.5291693861495366,3,0,normal
-1.1822491947511973,-0.9420864375907391,0.6942530005988833,-1.9262812503851927,0.05250248667660402,-0.472945252978342,-1.3713232168624996,0.9444240095203709,-0.250106741834131,-0.021739852783160256,0.6456708102409839,0.20402974581060362,0,3,normal
-1.383906628638196,-0.8079228324560499,2.337882256889596,-1.6389020378871397,-0.5088484289790787,-0.7625480367433031,0.10299372841831503,0.9133640677489127,0.5479368947972333,-0.10878830845235428,0.47280843541992373,0.19030823340241707,3,3,normal
0.5954159041510856,0.6339410481631639,-0.42964374599172706,-0.7298722701303137,-0.42234610510310994,1.3939568519464978,-0.5685860161705484,1.6625270131760552,-1.016241945670587,-0.04648891043224422,-0.6135290267215198,0.02434963599548808,1,3,normal
-0.672750433254587,-0.6017276540282105,-0.3754347085810437,-1.3998523523148214,0.8430303510623222,0.6045760153549354,0.49418690742888166,1.266092945116956,1.5815096843316756,0.3586572028664844,-1.1779271757751815,1.1457605650049503,1,3,normal
1.1009882534804682,-0.6526990962676534,0.7272273521390553,-1.1158515199596026,0.12018096532508271,-0.7494354443202886,0.19688401012200132,-0.6656790400144575,0.37221371699815825,0.8576994629404103,0.024042388440859465,0.46382040217960313,1,0,normal
-0.8051723993583084,-1.6431693022440907,-1.845061864811795,-1.0479179451468505,1.2439882755834857,-1.0897482515761128,0.4832827857145879,0.0646510868779942,-1.4663845881289275,0.7294566840510461,0.37661892254361135,0.13726153176444275,1,3,normal
-1.2976664139186673,-0.49423109980889024,-0.44305364261620195,1.113170312867954,-0.4574118724831724,0.9829666647553381,0.5312507931431759,-1.0699627808802152,1.1499550093261572,0.848180562874113,0.5894934123413821,-1.5333940447294718,3,0,normal
-0.41792248710486657,-0.027833990710668485,0.12427295644676974,2.129726853089083,0.9446536608799344,-0.4941086639635506,0.5561128947432847,-0.0786674502102843,-1.1128945424026717,-0.44257399288243326,-0.055861992454410134,-1.158224215467683,2,0,normal
1.1551365439518058,-1.0764860584331193,0.5395036612794005,0.3988981030991552,0.36120781425949006,2.185778567464975,-0.8986424863338954,-0.3482459565846261,2.219328987257734,-0.17980518257573225,0.24679949569537896,1.754885953177138,0,0,attack
1.488998683912669,1.584759709124195,0.16861937472440133,-0.7053813692867503,0.16286439109342365,-0.7085313365581235,0.19637396587200756,-0.1873729017714808,-0.670196406875276,0.34145741901398635,-0.31458504562605183,-0.9250187668752458,2,3,normal
-1.1671550731281033,-0.5631573967255437,1.8046909351278153,0.5264119030974358,1.436111851849294,-1.6336428136752597,0.2095017609897825,0.7685211979977766,0.22626934390772788,-0.5912243518585545,-0.7114187314999831,0.4142902133147528,0,2,attack
-0.31832933121339424,0.8509084318475583,0.45419609581561604,-0.2819564558560158,-0.4457023488120515,-0.34524385244055483,-1.2606698085515258,2.432971751959435,2.210854876244965,-0.09748701772857216,1.5475465971149274,0.1613012127456572,0,2,attack
-0.13647667632643828,-0.10823909853299525,-0.571927120285014,0.3299800702286222,0.1907191427067093,-1.1447307992863305,0.4052137962305467,0.7836198128270234,0.11393067578990042,0.6763397802038443,-1.974404443942826,-1.435891503081578,2,0,normal
0.9718936646299432,0.12911711624285901,0.6298478979745292,-2.323813251537364,0.8926140956441989,0.5388437700982888,-0.7154419701931187,-0.9904139734542995,0.1173108140180132,-0.28797311071438064,-1.1357152527238414,-0.1004306488850276,3,2,normal
0.15675164006446204,-0.7172632381471176,-0.20956084152647414,-0.396287778738162,-0.14312344262219787,-1.7221150405563406,-0.664593455023109,0.49612130992147413,-2.252641590546349,-0.4933323763612322,-0.9463343664735957,2.676659194400349,0,3,normal
0.43048785426297803,-1.9410871775223513,-0.08302708373110157,-0.115809452619571,0.07468301132027878,-1.0816870767234117,0.10170189269804876,-0.1965782023054632,1.5978114419869425,-0.9418354936232111,-0.5882085316376543,0.09774101168208586,1,1,normal
-0.3343463961395999,0.11125202061781063,1.5430587310972812,-0.2608265132183115,0.49739753726489366,-0.6244951907560046,-0.3882334764080581,-1.336604091620605,0.6895969085502979,0.43697433896410426,0.6074424188072818,-1.9385373770945564,2,2,normal
-0.3992552369162387,0.6316626609155395,-0.05956499429360602,-0.32497478920841216,-0.3369704884204985,-0.018103455578353453,-1.4884552864149372,0.2223371526211559,0.6730746343729377,0.6080830766825188,-0.7705586995156904,1.1510645700745232,3,3,normal
1.0522088158978242,1.9024954079424012,0.13615095134395397,-0.41299846843918087,-0.0690936428793916,-0.6837532032674722,-0.12018943213568538,0.33585413178750717,-1.0591349860602304,-0.24036358105888586,-0.8017370673685178,-0.32080118508210537,2,1,normal
0.5928072395619983,1.2004682528272788,-0.38830408739626754,0.14703453355645926,-0.04772117244646404,-0.8671479951397211,-0.952699619099145,-0.008656366096014495,0.9186469740235551,0.14301894134813856,1.9692084649574668,-0.2911819606733939,3,1,attack
-0.2231051862697588,0.6618936060609877,0.9770272433098184,0.9420790664670043,-0.6744030974043722,-1.4233312587658065,0.740985860697512,0.12519715642638476,0.9496426865056502,1.094755279425914,0.696294294557188,-0.1998080894380628,3,0,normal
0.23881797648396286,-0.4682541018114241,1.202067848489993,0.6546190114263211,-0.6840226976397213,0.1131510190419552,-0.9641143546291666,0.6825585130395383,-0.6957942234059487,-0.24857416782113942,-0.7533228676143817,0.36011829440711596,0,1,normal
1.5523533246403594,-0.8096442142206867,0.33500487582895094,-1.6488347668749712,1.5023130103953077,0.8058665750053726,-1.7265400099519037,-0.7598192137720543,-1.4850389186579365,-0.949933254841485,-0.5381853422631371,0.8274284158509174,0,3,normal
0.03930446837059604,-1.5592170476877347,1.5163607920255464,0.5540111909014113,0.5107529737876922,0.7543791509272839,0.580517450563622,0.5177165250390119,-0.9812038041277669,-1.487399897227049,-0.6733629841212205,-0.18933267294800493,1,3,normal
0.9242488151607762,-0.6077609986075825,0.6570891439243677,0.6762481733334907,-0.328089942134658,-0.2905998276812597,0.19498584849235864,-1.0361180192678459,0.49333718568017637,0.003285897457877673,0.6172797587350161,-1.2578971229939147,2,0,normal
-0.9409129615621908,0.6686657829608301,-0.18595873222420273,-0.2698425278196731,-1.1622027228747573,-0.6849614280435203,0.5429469428049585,-0.587650050974149,-0.8679184364095225,1.7118883952137827,-1.6028798952380527,1.6106432530861656,2,1,normal
-0.6572975771528718,1.333341318587616,0.13016345555603864,0.7340938368460304,-1.0639603607956674,1.3867180651582094,-0.5490677471568989,-1.315507965138806,-0.31825538917262264,0.2533538697580926,0.4560165859838695,-1.6003129806181364,2,3,attack
-0.5266430116321841,-0.896384613751661,0.8045040001702339,-0.3677813336661648,-0.726371235544258,-1.4224447285310458,-0.3081548953239618,-0.5961499350176676,1.1725901140595234,-0.43587822729178344,-0.2978675702833751,0.6766250872345206,1,2,normal
1.296906900910816,0.24465878707019376,-0.6247950757809829,0.3327775335089667,-1.3402349237908457,0.578324437331648,-2.1396424276809998,-0.07636619888263112,-0.4792363984488763,-0.8060880151147359,0.14781975804679184,-0.5094993908483157,0,0,normal
1.7101712141815368,-1.686676586668858,-0.5882873458967317,1.161365894100032,0.6817601261944315,2.701348727098192,-1.3152316298685365,1.0201830890947685,1.2106914154749344,2.1824411180592445,-0.5496343675812144,-0.5429100992716382,0,1,normal
0.10728090812941568,1.797516588325999,-0.9943702192789173,0.1558483244951383,-1.2328238723493397,-2.524993575318085,-0.617415655878897,-0.04627500027637591,-0.9101344269262699,0.902584216756771,0.9180289291958242,0.22510329349885486,3,0,normal
-0.6105458924007652,0.7067187711221665,0.05516530384374221,-0.8167428086232094,-0.2680863898496275,-1.1529677484696368,0.2578550822294019,0.666828491378182,-0.5866174991526564,0.5377337263657799,-0.1236428323968783,-0.11301252201983673,0,0,normal
0.25509513360167657,0.9511106511812589,-0.31416808022797765,1.831996684753477,1.0792478608579887,-1.5584207299523496,-0.93206291990476,0.5184295347177363,-0.9316314566978319,2.401095819619555,0.7540260914408835,0.3829717836146301,2,1,normal
-1.066805205437447,-3.404334350985172,-0.3598228074583426,-1.4349465139254427,-0.35759032073103497,0.30415697005551257,0.001531282135247769,3.601518841223575,-1.2719152731155545,0.1275912019938132,0.6868353953996912,-0.5927459426410953,0,2,normal
1.806860026839379,0.5843093819439429,0.023964397005781513,0.715685161299874,0.7623808890961098,-2.1209427073545095,1.0421728804301285,-2.051189546198828,0.4572042755479864,1.2819465763588882,1.5748128727820143,-2.2713274820003786,3,1,normal
-0.44636639945092893,0.21012499306697363,-1.7626141628847958,0.14077192409459613,0.014022789749333681,-1.093140271923398,0.13582968646126314,-1.4850658923577633,-0.6823537359829522,-0.1155382824551665,-1.8004809019970227,-0.6391395807545411,2,2,normal
-1.25603202091456,-1.072050110804371,-0.8955251950382275,0.7841378807526697,-0.1968595196596351,1.9859760190234257,-0.6126704552332367,0.7319257711369058,0.07223181975197135,-0.6239496526102459,-1.1585068440381887,0.7999400839429582,3,2,normal
0.3867666760462551,1.4180613243127411,-0.09311647219053953,0.22157448671848298,-0.4228560675722405,-1.5599567238874015,1.027458538083744,-1.495075289575035,2.1921618437378037,-0.2880452619938353,-0.66393928221757,-0.3653362933679099,3,3,normal
-0.7681789520644341,0.43294517497714025,-1.158633555003604,-0.058145783038884714,-0.4464565888772271,1.6627541298845596,1.9966713905505946,-1.1146217319667229,-0.4195318085804995,1.3152015602045564,1.203216762449911,-0.05296287588313258,3,2,normal
-1.159861454780179,1.344092130364291,-0.33639473746330817,-0.6351961399986292,-0.8007034235262507,0.4218323125948667,0.7677682416768778,0.5625763801548328,1.1358357153040521,0.09315330851144507,0.8792629318472519,0.1967532243585845,2,3,normal
-1.854772638580589,-2.246419276219022,-1.7726494904707502,0.8160740524543734,1.3176239390653868,-1.1374910929911832,0.2661205195333337,1.5858254691760998,1.1803863125662062,-0.013562595020979657,0.11496112732498552,0.17455221530567583,3,2,normal
0.07587740268604494,-0.8297030751450136,0.4716338567440977,-0.7579783321166733,0.36355691166652643,1.7705111564902813,2.1123662676047035,-1.0147798181988035,1.5463124104588508,0.8601123163689783,-2.585752145688156,0.798695783882942,2,1,normal
0.715428869074697,-0.010616817236993197,-2.720932030016339,-0.3670497546129641,2.693106822413354,-0.3472408940717371,-0.8298136976916856,-0.3435806391741648,-0.3524690826272899,-0.615631069823049,-2.000281665981247,-0.4771216663313757,0,3,normal
-0.5919647777432221,0.11784193781083656,0.2806210401574797,0.5221468526801539,2.445584501380485,0.9583601976730861,-0.09727399809202153,1.455668098935613,-1.3120770803005395,-0.44431132008680263,0.7513525780860951,-0.14237670016247964,0,1,attack
-0.3730685900308085,0.4848166817401428,1.5572944804543398,-0.9018354308757921,0.5493752427794046,-1.5870965133835877,0.7160029513192068,-0.5571453913683704,-0.5291822983672716,0.4553926096208122,-0.06426231940157068,-0.3391656189814831,0,0,normal
0.9914195202133618,-1.4405534202838757,0.8196474734974512,0.4069169002089064,0.6704877430147186,-1.399768082963293,0.9061682825159417,1.0071675331006302,-0.44921126863697297,0.038478276012639756,-0.7051863848706292,-0.841320841617302,0,0,normal
-0.19766849621420657,0.097905165491806,-0.3202915907773407,0.4216430283754805,0.18811414912122046,1.1919140388821845,-0.3265758444431231,-0.628309709881224,0.6640641403884536,1.372556675755786,-2.5256725887517053,-0.06017228729227679,1,1,normal
0.20767553951052936,-0.5801873790935456,0.15108192326692546,0.48732286309071954,0.49368510560535017,-1.1829153931890586,0.10214720196579241,2.3263975299204964,-1.4551732646413749,-0.9249335187326675,0.9519419982213795,-2.7048875750431973,2,2,normal
0.09902530672139748,0.350371605207821,0.26566281029795796,-0.31127389153525076,-1.3583284968171068,0.9402875890927227,-0.4320327123979406,1.3701673140342208,0.7519869334684863,-0.8019716637937788,-0.6431734095197493,-0.13382501061458618,2,3,normal
0.61668469613013,0.11087496997436422,-0.3868887425038748,-0.1045065430068214,-0.4623010879477145,1.3720494580247187,-0.276893158579018,-0.21869081832922035,0.9992757045163502,-1.7246429617261345,0.5788022772421689,-0.5622061303751941,3,2,normal
2.398020176744707,0.5246998443138258,-0.9063742321697362,0.527082821871426,-0.863574459635871,-0.20116970614280633,0.017555332525771378,-1.1061326944572336,-1.3810475923249637,0.20388292150645346,0.6586791434721915,-0.1910078834601103,2,3,normal
-0.5572030334741765,-0.6830888430976071,0.6743364006018533,-1.286477983796761,0.8280697122962316,0.9712921322140846,0.7530518878160004,0.5652362522929939,0.09281450761671205,0.3055804176111034,0.8670781522529464,-0.33567541485959584,1,2,attack
-0.5378624479533327,-0.5303222343288306,-1.6207488700472963,0.2622248239412072,-1.0993965021704295,0.8227591200032386,-0.40794297218855347,0.4975092050671267,1.8025660966066033,0.23000273977626148,-0.7832936360769465,-2.58748915761821,1,2,normal
0.401613074955084,0.8673746658397729,-1.9186752240892337,-0.00557287276832732,-0.35902335254988305,0.04245733842290666,-0.9381654317392177,-1.4432183868851882,-0.6075817024387611,-1.5891916326243092,0.9685226106264675,-1.3025104706868986,3,2,normal
-1.1528905369519151,2.162907512309206,-0.7901583757267857,-2.079951178127618,-1.2684954422582058,-2.577730275764082,-0.5635041438785807,0.7065127979157482,-1.013831892466146,0.1513915609849171,0.3726978670683796,0.7191105528780825,3,2,normal
0.18094411410757028,1.087565277288231,-1.5602689237972462,-0.04610925235469361,0.3662518640076472,-2.36250811264995,0.873013250884255,0.8870535499153023,-0.26645116564698484,0.9800291760048256,2.133407335552859,1.444408956120826,2,3,normal
0.03944548678839588,-0.19893290455066107,0.28213958058150174,-1.5754112881626683,-0.5268262313911128,-0.21907678300257336,-0.8152190706309064,0.4697826977579696,-1.4358653211640884,0.394733308482558,-1.3240547008490489,0.9883391188357634,1,1,normal
-0.42122503012567947,-0.7195859368687326,-0.07108255291297177,1.0110586516601756,-0.586167487202157,0.5316140524278683,0.14293789440004762,-1.5090745360888675,0.2529631132635294,-0.45303559131131876,0.4247607247295785,0.9948345583828069,3,3,normal
-0.8935616916775809,-0.24043142729075967,-0.087288821229107,-0.5284041191129132,0.6053771942379951,-1.400995173633376,0.3176161358017501,-0.5932738909359124,0.026151749546943513,-0.6749193419548487,-1.2603437480447781,-0.17884924354016715,1,3,normal
0.16794928326049974,0.7529456423990436,0.8148274338725556,-0.49221189760152395,0.4071612307410317,2.2780768429772147,-0.4668949657842687,1.7347451285869693,-2.1444957830215587,0.9938072332212504,-0.15821137674836463,0.3169920843774158,3,0,normal
-1.6588632037175295,0.5139853283596336,-0.26112834822378916,-0.07196010643924536,-0.7279432198317116,-1.8003996985757889,-1.376838707700992,-0.12971123699138654,-0.1958594743743896,0.383447082335879,-0.8047432257200963,-0.823724934628463,2,2,normal
1.3437944921548333,0.8214853815875105,1.1508431434048376,0.7944218247668409,-0.28121945696798073,0.7207377219489519,-1.3161281213337963,1.1622858321513168,0.9246515587565247,-0.5626990732453023,1.777858094322908,1.5249622871581217,0,3,attack
0.22956513127074746,0.13439613760667526,1.2129963060331461,-1.3103430064713757,0.5956895367509693,0.2725801040935338,-1.3140880008470173,-1.6048948369338505,-0.25715650516333527,0.8501683903659906,0.9848367949177272,1.0112231965792597,1,1,normal
-0.4402045764659034,0.622541756588847,-0.7692255273854451,-1.8089872911528047,0.002313106221077105,2.2835394749229208,3.8080791324805654,-0.4053683129171995,-0.702079177881445,-0.21594963010532173,-0.15654859390726478,-0.9606984871282956,3,2,normal
0.9151490150807198,-0.9184625192792134,0.21157623670190306,-0.6770078148993829,-0.42590140302816265,0.6830892895001548,0.8006105045010186,-0.31652226464378325,-1.8681655986188155,-0.5706048768610911,-0.24449104470121996,0.37139747810459883,1,1,normal
0.4064774098745567,0.7215690607493477,-0.029839962089532112,-0.3031828893325997,0.24674449637184892,-1.197534663028036,0.3174199156046499,-0.33298254803441635,0.929962194703329,1.9283305401596038,-0.29423387332036427,1.5042431203025937,1,2,normal
-0.5346268842737969,0.6206058024737704,-0.9604494679619611,-0.15998556346868117,0.5795634370791314,2.10254753521492,0.7558524116799077,-0.6770934091573377,1.1974368471552344,0.3311662206590415,0.4348019529627037,-0.28652417580178535,0,1,normal
2.834660687734038,1.2937814736496158,-0.5662509770252386,0.06809063091871803,0.555620236755844,0.9756788240673411,-0.46640964453166806,-0.5476735800472626,-0.42315940558725884,-0.39569527019104966,-0.9711603356341623,-0.08357743358873138,2,0,normal
0.23429482933194598,0.037015942576200396,-0.804666657853266,0.1998320936667766,1.5260802401985725,-1.0485052970145388,-1.508021241193252,-1.7906198075631403,-0.8986543914730064,-0.0019371730192171575,-0.08166448316356946,0.5788480709796213,0,1,normal
1.8135294526587085,0.7911869288323973,-0.1285207200595898,0.10767966872110005,-0.14101551119463715,0.40276005095131606,-0.32749689310705854,-0.07377824111610891,-1.710326506670071,0.5126758646458762,-0.4840110888302992,-1.7344231535326804,1,3,normal
-0.22597456635806162,0.8717676079371036,0.7956937129151936,-0.0996047694404682,0.9046553014650216,-0.847610099291116,-0.6732608990034701,-0.459644420667973,-0.9681027017377997,0.4091853902460112,-0.9572382898056809,-0.015686681359196358,3,0,normal
-0.6884891121637935,-0.8211714315091342,-1.0169827310315274,-0.6707102851747133,-0.3784476424935232,0.8329678098585309,1.0631676090807043,-0.2822659042585556,-0.880852557044494,-0.18936997268706923,-0.598480517386263,0.2843981165176372,0,0,normal
-0.6107396255852507,-3.8841550721157163,-1.6362776545734408,1.0714146665504902,-0.8615027162848607,1.5422285596184195,-1.4339661877261993,0.5898848916759405,0.44894138025463937,0.09791795512190045,-0.07790877906060932,0.9543716385879325,2,2,normal
-0.11862908050977167,-0.25729630206371307,-0.7382948184913144,0.4770045781693593,-2.240649374041691,0.5974182936961159,-0.9266698891598557,-0.32102166666663223,-0.08759321918403846,1.92394859954803,0.0450607352325361,-0.07897769391084054,2,2,normal
-0.18053390899579294,-0.015370456365353547,-0.10088397988992913,0.3945601623645267,0.8101842896012977,-1.8207999298552333,0.5996949981645672,-0.05106445716333196,0.8356588830193489,0.42061626981324424,-2.326626472272807,-1.1447153091970033,0,1,normal
2.902040111028166,-0.22822133849421905,-0.21265527533970432,-0.5941991636279261,-1.2636563096289004,-0.8377060416093265,0.4282126904819817,0.9379937988446881,-0.037866973354875,0.06931936850363571,0.4103937625620389,-0.83890358689204,3,0,normal
-0.8443495291560533,0.35967647519034385,0.548787411527453,0.4007871139317564,0.9516787961547589,0.564947922678103,-0.19107221477250164,-0.960810396524762,-0.7226961127921845,-1.483985476149141,-0.29748148563273474,-0.5374387674053991,1,1,normal
-0.6706624486049874,0.9726266801754779,-0.15601523189394387,1.2768841708974914,0.6241761980182416,-1.1605638175921829,2.2992428181026887,0.3292454028515555,-0.42311337591481696,0.27315292011823505,0.24906433226599545,-1.8848186411937025,1,2,normal
-0.6244439694986873,-0.5375159079477242,-1.015287071136467,1.057360514361374,-0.10126282363439625,-0.8903184463247192,-0.7057284780029413,-0.6965570422789257,-0.19774536677441543,-0.21777335344305518,-0.2716070230170654,-0.4461259044235398,0,3,normal
1.381226323222605,-0.22232607360587092,-0.6684628505747269,1.6698383691478238,0.13502703021323195,0.7414340803365385,0.18452289676337696,-0.8818157768553575,-0.1255006944837792,-0.01642088738267061,-0.6724279112680391,-1.4645935240690644,2,1,normal
-1.1730940014793232,-0.2815170338581095,0.1303104874558636,0.20583741350610882,-1.3135013508157467,0.7991992053969935,0.5596920464043558,0.026684840961055018,-0.7732993679483505,-0.9695943056293091,0.3584597330164595,2.607222174174537,1,1,normal
-1.0788754992311966,1.2045267735387257,0.9553358031531588,-1.4951330393279352,-0.25645732302808727,0.3995095923775543,0.25726774164108485,1.1742644603229457,1.4262031281981775,-1.6513292339222387,1.6273873970676975,-0.7956776868354075,0,2,normal
-0.8658814835642566,0.2709261526369999,-0.6213094546538168,-1.0602133090475323,0.830082446440191,-0.09684548769387369,-1.41353107952503,1.0495633046254673,0.07735935022976469,0.06249106466432578,-0.41372794225512616,-1.6916755847027851,1,3,normal
0.14318527011065968,0.11124042777944604,-0.927900007313708,-0.9311548837961816,0.24885140629189711,-0.4995675090717677,-0.2719469271230933,0.6111866994395653,0.2693635321148724,1.1811597881172717,1.7369560257320764,-0.3989185925806401,2,2,normal
0.7122468432080653,-0.30536845671918617,-0.19136406099492453,-1.3097204272633811,1.733445101483581,0.06486257910054241,0.01860230804227398,-1.5314650750995351,0.1818709470088076,-0.23240811354760915,0.2419922241253053,-0.6507889960967131,0,2,normal
-0.0845762105321103,-0.8197908731964632,-0.30790609794751794,-0.17068853654033356,0.9507390971567674,-0.7305779677676488,-0.759315977890867,1.6190427510935959,-1.0605058382087609,-0.07815401903264686,-0.7563785195180861,-0.06193533433508331,0,1,normal
0.568169882200438,0.3074001427286886,1.8396369281444127,2.0160186732951457,-0.8825888543683948,-1.3762771845341586,1.8374602956949968,-0.18330225661803826,0.4388430573920485,-0.16315404794408012,-0.37087943172474935,-1.2577128621913392,3,1,normal
-1.8000984339335113,0.44600476717239307,0.07664573829207387,-1.1711872996151713,0.308822756932973,-0.4120856038404016,-0.5864299009090119,0.14238602346452353,-0.9485715838235612,-0.7763331028854554,-0.4930245154358336,-0.049709328034086814,2,3,normal
0.21946353740548344,0.5616142170195129,0.18044341799872343,-2.1205467370840307,-1.8245052215338011,0.5579637070666031,0.16824776959593116,-0.2473199018787449,-0.9908158895256833,-0.4090798593541873,0.3387435944052577,-0.6869705548717115,0,0,normal
0.40166470972095003,1.2635063206239787,0.6688811205695631,0.606507938103173,1.3469065525568045,0.33473191613324216,0.6402935470613768,0.8369273144580022,-0.7080695060995569,0.47537369400222784,2.5711381894810073,0.37058420519624985,2,1,attack
-1.3529367229319356,-0.7546671508620865,-0.041747739211042904,-0.3626645853495484,-0.288797673614751,-1.6022368566891974,-1.1588691152249158,-0.4659432603996442,-1.0094888411148797,1.1706573602340966,-0.7998800043292799,-0.15194724209616367,0,1,normal
0.13037779211500275,-0.07147029632241281,-0.7946744447189562,0.25439140573262736,-0.0990321086177363,0.23165207275476704,-0.3233279479710695,0.04345620958606487,1.4484922966903735,1.1206421658295724,0.7991969696768142,-0.24610421034093127,1,0,normal
1.1614806261475745,0.9121402968664445,-0.6072636674238099,0.1274656749744176,1.665871211054766,0.9858460700400543,0.4339882570120591,0.6692789101835513,-1.868593413650069,0.7959537972097243,0.2500033399509824,-0.45987329588182685,0,3,attack
1.4582018768835832,-0.1855101865594245,-1.0799795674167885,-0.874355972568053,0.02352519583818846,-0.2611574608083449,0.7495377636851733,0.7578769346075691,1.3616414866510274,0.15588966069942997,0.6085369050673496,0.11287183966365565,3,0,normal
0.4288223413707571,0.5858468324090975,0.8093265906958806,-0.47425513359860516,0.4189302740251012,0.12986162109281765,0.7477116859856947,0.6730459967283949,-0.03601761357244056,-0.02246911996187604,-0.5965103314959327,0.19891087832454504,1,2,normal
-1.606577950895179,1.749296267756576,0.36669915893301297,-0.7006313725028853,-0.0831449594145285,0.9124016353611472,0.5694887726178488,0.6679853906961828,-0.7907971002064045,1.58777327397408,0.3884802133672424,-1.1155486172921312,2,0,attack
-0.07794648804259412,-0.2533429124775423,0.3750916342543677,-0.15480649078234637,-0.48085113932563367,-0.7271142669948814,-0.3307276157186441,-0.36774296646868765,-0.2448029591335858,-0.821655209327093,2.531556996258789,0.2997395423506885,2,1,normal
1.1133853562871467,1.1161642254813282,0.904532555673741,0.6312607713381156,1.0983533834371126,2.505467558613724,-1.1703812054100158,-1.3343402028317723,0.5751855186752715,-3.3518214749532613,-0.4106040256650133,1.3818336386685153,2,0,normal
-1.403802707201467,0.8360409253778475,-1.3230564970483603,1.4446715161851424,-0.9327819876545763,-0.05628875975580338,-0.044868602779680966,-0.6375806985922002,0.06850977333891188,-0.15408110792688937,0.0627540524344465,1.0626596683841307,2,1,normal
-0.746198309738307,-0.22065757565377553,0.12556129974065663,-0.3806388955599074,2.0860235548601236,-0.7342088415687436,0.9467043574060442,0.0280165473029006,0.46471471792556274,-0.46577929894008985,-0.14034712425682433,1.9585628774471526,3,3,normal
0.7411876755985374,-0.7667816122740843,-1.3039183988844596,0.013052682388931409,-0.573241834845889,0.5564697298499391,-1.641569375445863,0.34962252069018723,-0.759343321633919,1.431616179545376,0.1642755934325965,1.130632915535797,0,0,normal
1.3374297923509244,-0.7426890233545648,-1.824431684982687,-0.11224658229039534,-1.5977210214952167,-0.06432124620145371,0.7860405206338567,1.367693598220596,0.37248161493569204,-0.5966644573990028,-0.0728126271756287,-0.6213172953508538,3,1,normal
1.0117149371050869,0.011182375385816694,1.5056201023426707,1.1108114313787987,0.8421800366186486,-0.4704004084088179,1.466251730712203,-0.09103663105066782,0.34198293704402577,1.0147617348084426,0.9861087111531448,-0.4001373834748436,1,0,attack
1.777854639217633,-1.0962417430372806,1.627314285250135,0.6628553189457743,-0.2777381475840139,-0.5424974360865943,1.6133164934811477,1.5067318787242057,0.8940289035129941,-1.6500935919241062,0.6560872529878965,-1.9382829431446729,0,0,normal
0.6300557169821219,-1.1681081591508093,0.3160367753715967,1.721721954850317,-1.0476245308936198,-0.16380543541642506,-0.6178412805456026,-0.5863284691123248,-1.3220331750032102,1.7123716694017146,0.9909209999904983,1.0511093666311146,2,1,normal
-0.6257874184245761,-0.2253513327057128,1.7078000356119645,0.8704823597802314,-0.4328065554905856,1.7970584280709339,0.8042612140455536,0.8808070258666045,1.2670383878188076,0.3042575839911176,-0.15616774758255111,0.3876399995650647,0,0,attack
-1.1723304246711184,-1.015066192073432,-1.109197306193102,0.07379946339929123,-0.7187229490974756,-0.5101978392427903,0.025025187148962267,0.28677510063273226,0.1510835012808531,0.6157231901323225,0.11094176684264573,0.8183412538920298,1,2,normal
-0.17232938098549866,1.12410938010164,0.9518167597681898,0.07478040431044922,0.20574282678403513,-0.15566949046086564,-0.5002476015237576,-0.37282417846019966,-0.8026160186081549,-1.2405500774774272,-0.353463355776977,0.7247588157390507,1,0,normal
-0.509153525084064,-1.548434406582178,-1.5456894972505533,-0.4850799171042844,-0.16318165656660305,0.7567761443625125,0.7565143129438242,0.3080171083008689,-0.18692233741620062,-1.7088568318478492,0.4136028190860053,-1.0495978242401756,1,2,normal
0.6007987935598481,-0.02957136690773979,0.7617704683331489,1.6831871309825768,0.04715181741991889,0.6527119593372966,1.151652950271132,0.15796084263096824,2.2101471702989848,-1.195774980570079,0.03250593515082029,-1.5159530932497831,1,0,normal
2.281273814937698,1.2796446672649013,1.503700727138199,0.5623990606070987,0.21954497350412322,-0.24054065337515163,-1.7681056613475028,0.6541589969458317,1.0565174642867132,-0.4920098003674934,-0.7518221968061409,2.0689593665954757,1,2,attack
-0.642966199461484,1.3534435518359564,-0.5626794597482897,0.49062017473613695,-1.3701708684924299,2.259311171678465,0.491716018410703,0.012920555608569948,1.0024053687756427,-0.8056669848292234,0.7231142723629417,0.41536216625059563,1,1,normal
-1.569997208702629,0.9758621045332225,0.4461837086181023,0.15723090782808238,-0.6249434277429905,0.7288557547669668,0.33405385042715,-1.3228029448677854,-1.3992120159095807,-0.034322409750540656,-0.1813079345658569,-0.9716936887781817,3,0,normal
-0.0025524832191437356,-1.9887998496740282,0.47587566916721175,-1.2679004207397386,-1.4268462333166285,0.2835107558318455,2.0567449212439994,1.6251612339375263,0.182859957933561,-0.3298745112008131,-0.7627735896293318,1.2186587485460936,0,2,normal
0.48552638532182957,0.4649033264184276,0.7915141987227852,1.3965017574240208,0.007273356283067531,-0.13844227466219525,-0.18933797172738442,0.9392799209044798,0.07858428886937549,2.2284564216192195,-0.5941509898167457,-1.6430033752859867,3,1,attack
-0.7508223612410212,1.8729671958269962,1.0240594191473107,0.1178289121575598,-1.7288337196386105,-0.6653185362404599,-0.6178451833918518,0.8151191398685105,-0.92590127937089,-1.0685878353755693,-1.347692627213746,-1.015291174246077,3,2,normal
0.7180398587509496,0.5348199917586074,0.5424745561027554,0.16247981605662767,-0.33792740183792336,0.3033910628368086,-0.5776980321972627,-1.1224009543672144,0.043908159854215666,0.38032263173069325,-0.6091964985855901,1.1547535544633114,3,0,normal
1.1836921552807316,-0.3225792914920482,-0.566165987733635,-0.34304747126402835,-0.323289222196161,-0.7002504812902007,0.513976114817984,-0.19780576552524687,1.1065338827299083,0.09977142629276407,-1.1077395152390792,-1.4288611934791207,3,3,normal
-0.4959308582886148,-0.3412276267439009,-0.08226616884181552,0.9963801294359809,0.8030326023790362,1.2042117679724187,0.7205874427587676,-1.5891031778654576,1.7921029952434884,-0.5145869284525307,1.2515362535946144,0.046976747158678896,3,1,normal
-1.513897182352285,0.07273959880814532,-2.1279669172211095,-1.2877180467513805,-0.22023032894435132,-1.3054384523006266,-0.5057084354038638,1.0221945875388916,-0.2010079580163769,-0.5789500903839709,-0.1857886002792587,0.8215867417381769,1,3,normal
-1.3441682279904719,1.8621110267435932,0.9999355877230244,-0.3262159658370267,0.26723731992248406,-0.560314830041913,0.399916343265605,-0.4046731497181058,-0.19444320749151905,0.08504628998755437,-0.8258363443147948,-0.940152466375684,1,2,normal
1.3594282268037379,-0.9198103022195122,-1.1182165156106671,0.8197774926134584,-0.8848262586320585,-1.2732262066327094,-2.1427756026340754,-0.5056032822227117,-1.128495712710788,0.06067394834877697,1.5380919655957996,0.010844508547553032,3,0,normal
1.1522858490756094,1.1538394885976546,0.2960514404936577,0.09419422191516773,1.2050880643089408,-1.2959233649968651,-0.34803300586800234,0.7891348709507114,1.4788509078671372,0.6823712056007487,1.1584004808484754,-0.9175272872382693,2,1,attack
-0.6228607661215654,1.2935466734100998,-1.9123648226579226,0.32477904935452034,2.1660866689852263,-0.6524159184558054,-0.5777106401980805,-0.18868224731115485,-0.1993246356001262,0.3350294545440361,0.44973449278155986,0.2177549376628621,3,2,normal
0.1728168059950798,-1.506821565810534,-1.3856553186645542,1.039381448043928,0.5069466602851518,-0.8009423558707223,-0.24670283335804805,0.18191072887118023,1.3931307356750802,0.3802988468932315,0.7259232001821329,0.10023951609810243,1,2,normal
-0.6153133423587716,2.119927419456977,-0.34473397077046747,1.7700996582797075,-0.20482113914489772,-0.9057178919570407,0.12639913271074638,0.02009847680287398,-0.5453414505299884,-0.47218206553141934,0.1625059217337208,-0.16008020151576563,3,3,normal
0.21657359716937488,-0.41388551988570366,0.04120070808821923,0.025200432149415433,0.7110969143663648,-0.30701046661108417,-0.5075574687811675,0.5710452258582246,0.08503209690374568,0.888468490700954,-1.9506004749240258,0.8292130329301585,2,1,normal
0.10322405218407626,0.05682640722318922,1.6029917538425171,1.0308175338305587,0.5909480903164216,0.6277037279618591,0.9334351483800987,1.518099405470364,-0.3364136023907378,-0.012967933201234962,0.25259325101472035,-1.6608997373593646,0,3,attack
-1.2173873666893125,-0.027697600210041244,-0.42651693778686983,0.26189151612225486,-1.0845263157876206,-0.2382973375103527,-0.11149388872098948,0.4908508350417969,-0.07481340939106128,-0.3353623449149396,0.702094619586384,-1.1597675677546662,0,2,normal
-2.10665424391381,-1.083210228463028,-0.9139504671950601,0.5166274966564752,-2.1532093232474763,-3.176019544877746,-0.6918534310238962,-0.01983803515524841,1.359176430907502,-0.08958224954213087,-0.31743587947531876,-0.022763298816417327,0,2,normal
-0.08919759841184889,-1.411884948353455,2.4259767758502635,1.0941060582264632,0.9033116991088509,-0.9052139287868783,0.24124375297656891,0.19603870539369217,2.966522012180741,-0.708830436882523,-0.8440943556301067,-0.6138934177173572,2,3,attack
2.023207931057267,1.5886870185675395,0.776751542297418,0.165447618130779,-0.2737283833147478,-1.3519731961881964,-0.664229745806086,0.8404707935775072,-0.18185767661014213,-0.23654173891390515,0.4125265272104675,-1.21299151132925,2,1,normal
0.5718768534641766,1.7073218143430053,0.6725648810541192,0.4677399498895356,-1.0395095461054078,0.03917327643216478,0.8115679791040944,0.1870335908424033,-0.3493832475123333,1.2129325716278916,1.6532386827750059,-0.6604945164128858,2,2,attack
-0.49738710715657825,-0.5565327839424725,-1.0893376698407269,-0.5164212641071169,1.1622046459265967,0.7780551899514833,-0.29487423591040884,-0.7640234076950267,0.6410964949486462,-1.3470381382004237,-0.3891467904144981,1.017491369973908,1,0,normal
-1.2052745726780059,0.8102449659103749,-0.344392325309739,-1.7795313944831335,0.9260978853695926,0.3933724068277445,-0.6833589860824645,-0.344425054470119,-0.8944283356568439,1.376671383157423,-0.19298069374383367,-0.13233675910990556,2,3,normal
-0.6773122073535646,0.9809053916024453,0.09259052139050968,-0.41963766329990027,-0.24242117201796026,0.8414298364988696,0.8181971659292174,0.821799751662339,1.0608586260770865,-0.16357492518232492,1.5116140525707995,0.6286472277896562,1,3,normal
-0.5119330748411791,0.4432052692426596,-2.6938144804393436,0.5078228209723652,-0.657231443432265,1.5730476209870043,0.17218326506216447,-0.11336685309648802,1.1429170824583146,0.9074006497071908,0.5168125950589156,0.301678283418367,2,2,normal
1.1973041079707454,0.39962068409869134,-0.5987603138674843,0.13135224937994422,0.41130214655255043,-0.7840632162205862,1.1568408510800394,1.010315669570179,-0.5353344484141894,-1.5619824045035577,-0.09969123662513556,-0.05126088637541815,0,1,normal
-0.6197499240562792,0.6906945748941071,-0.1068086206271782,1.067339087700997,-1.3741114931070681,-0.1349981937038471,1.6915128603600709,-1.435131223742648,1.281276264678379,-0.23343402848167108,1.975584292554591,-1.2555185048885802,1,0,normal
0.9379252439009149,0.6260026403685948,-2.4313921663281417,-0.9976835381772456,-0.23688929091053454,0.7550386562355768,-0.8971181507681221,1.1247605210783778,1.025352141735808,-1.8935645507953904,0.01263915353861474,2.726812687014768,1,1,normal
0.4993231833135781,0.3670198793012512,1.1501002259339603,0.3503902009288481,-0.5561795331939492,0.7559064471324393,1.01247457989769,1.0536881194119763,-1.2038894186122582,-0.4763512679732824,-0.051443306475518945,0.17636413418052027,2,0,normal
0.2241236752568501,-1.937828793029681,0.7592905230579025,-1.8190513168794114,1.6663563647983846,0.6777426360619753,-0.8846072020995294,-0.6412757800065627,-1.021420673833945,0.6856504488336199,-1.1299013602272074,-0.12404035687299801,2,0,normal
-0.26950609122085123,0.8641659989311741,-1.76841458795338,-0.3246577274333924,0.176085236448824,0.35874273328270595,0.7762782880384508,-0.11303297284340122,-2.1070707983038135,1.5785137509798277,0.17961013289611938,0.6013762508897244,3,1,normal
-0.7664039520831025,0.21827823184348685,-2.683078150024062,-0.35348735234574585,-0.02789664652743608,-1.1036479916788209,-1.5831029272305426,1.795605848756983,0.3316855478454741,-0.39239042455023254,-0.5951461468630818,-0.5427884390131987,2,3,normal
-0.12234206648764644,0.21673922192868791,-0.6089455679618062,0.25109061224238244,-1.6592930030713589,0.7985258353949477,-1.8397110730723745,-0.07616209570541689,0.4485935583255365,-0.5311221192273449,-0.6124635263572569,0.43758478127765504,3,2,normal
0.30982476726654234,0.7076143718737511,-0.21955759941871178,0.7497253215648919,1.8384890005435415,0.04920751874773791,0.525484448512764,0.8743524873309692,-0.2976076284303493,-0.253108269780621,-0.3311460211292547,0.7205197036372059,3,2,attack
-0.6431585938039258,0.3281546973207717,-0.3157761485333701,-1.8358564602404093,1.5015880751634079,-0.5192976714616957,0.9357283723469408,0.25307672182006474,0.4256539882524888,-1.1825844128440823,-0.3037753225257296,-0.5181187873206368,0,0,normal
-0.43397294145083193,-1.24244981640136,-0.5551820717040497,1.341331534195627,-0.5310283500666307,-0.3462968511690265,-0.5261749695811231,1.2615570962829294,-0.17594056254075588,-1.221227211395092,-0.6801178009352254,-0.8803270914345027,2,1,normal
1.3151952528007584,0.5161431866631762,0.013600205634989083,2.663602584022195,0.33284259912507,0.2147324044640803,1.5008164947871276,-1.814171692635566,-0.6067455065431634,-3.326136894001296,1.5233238327500198,-0.7453562553311508,0,3,normal
-0.994891375142371,1.9145299304782732,0.6297330624571119,0.08195719281722852,1.1891914558413537,0.8235358277714291,2.2380375460000175,-0.44486907121063085,1.5921428394842025,0.38682636019826766,0.010611558446830012,-1.0589929612159725,1,2,attack
1.5771882316803143,-0.06958497230946967,0.5743341465307458,0.37374973881051005,1.2525669408917937,-1.020422520279672,1.7738118254601878,-1.3229685676902294,0.11622807795262416,0.4619002236145288,0.9118735169204225,-0.18856561558140775,1,3,attack
0.17299097937413035,-0.357135243528896,-1.570862655226542,-0.737292334067231,1.325909816087142,-0.29991132263314746,1.8935385179447655,0.6883070639787713,-0.9675336117926248,1.1720267559144395,-1.5898337352036196,1.0760086174912862,1,2,normal
1.5164518455685536,0.6070985493482418,1.1904045731365196,-1.0541800504622019,0.23404715448459185,1.3469669390664054,0.45017130485228996,0.22250073963410907,1.3963351108558764,2.1622943724074264,1.183762757142371,-0.4214588446284929,0,1,attack
-0.19901002219088235,-0.12677780959642798,0.3485141543608381,-0.5083958878466761,-0.19304289853613024,0.19276819159238306,-0.2842341610053462,-0.4762424100766815,-2.1213574634295003,-1.448464499261274,1.7671977239197623,-0.4553532522080819,3,2,normal
-0.08298179665402261,0.018460186262050197,0.7692426490272833,-0.6281743218335073,0.12358821322597056,-0.2720641330673135,-0.11106356875777083,-1.2964955715819004,-0.3623328580368752,-2.2878078382397105,-0.4208618974263047,-1.7086608721431358,0,1,normal
1.1609064832744316,0.36090216545901677,0.3555117655578802,-0.1370418018908196,0.7464385291713583,0.3529368599286424,0.13774915574587546,0.32525643400368454,-0.14552787839530795,0.07274532796973748,0.3348720775013306,-1.825846332153739,2,2,normal
1.0777131402000428,0.6352745977405176,0.4474173926788223,0.07322239062733461,0.7213366439535217,-0.6160949469776107,-0.16828861072309356,-0.8581683485912005,1.793166369722181,-1.6804402204784203,1.6583312922051665,0.029354277102220886,1,2,normal
-1.0492298603063477,-0.32993596755921306,0.7500756427479855,-0.6881403884421262,1.502742980794893,0.7528009312354691,0.6208797414195009,1.7684933985008437,1.853936944897951,-0.8999094881828992,-0.5999283084459606,1.2111612342374722,2,3,normal
0.2240653295386205,-0.07597980167663612,0.25390097921946014,1.2358839893486095,1.3396866742833273,-0.9894359483678046,0.17292746566115372,0.38816270714708795,0.19922089697323725,1.9021663184378317,-0.12095442694734128,-0.8296979166509034,3,2,normal
-0.38479025933978617,1.0575736065142753,2.081338255873305,-1.445090014146335,0.22777966761814972,1.584716178417287,0.7693925077080892,0.9415899807692039,0.04399883714045879,2.039258035578052,0.4833750731308884,0.8681701750954354,1,0,attack
-0.11631249749651129,1.5481023187843581,-0.7838454902914783,-0.0009014208324607002,0.05540004704766868,0.6846802346305512,1.0647310123693734,-1.121795485123219,-0.5422565188498684,-1.1515469458706684,-1.2474056001755927,-1.2083213957353243,0,3,normal
-1.2897951062962878,0.5252524604704569,-0.16198430344766293,-0.052346760020866585,0.3673792042421046,-1.0821248391900544,0.6932409130836356,0.023749976447996674,0.30251838731747555,1.8660483537432806,-1.1040608839548365,-0.7131194958961151,3,3,normal
0.6552739810935078,-1.627194236223101,-0.41476231212214737,-0.7839669741321846,-0.8297469256293543,-1.251287488909046,0.3670316471243626,1.1621937523068533,0.58867631932628,0.22044210007181775,0.11066572099937814,0.2355996716740135,2,3,normal
-0.32368009048621943,-0.08256617232733898,-1.2988229301936163,-1.3091014696827343,1.5188151535883958,1.3657409622034935,0.010038571357605953,1.2376259922907733,-0.9378845000754735,-0.3959024101228732,0.20885369893245806,0.28973366025312347,3,2,normal
1.3715468323805429,0.452164452920716,-0.4122134387304865,0.8794913664605353,1.0044670537010014,-2.3464638369210995,-0.3189520341279458,-0.0813492985065605,-0.08742448151451643,-1.189258981514379,1.8113921056194766,0.12256951284500861,0,0,normal
-1.5157254870128722,-1.302008243776143,0.2863775654402987,0.7330028177239158,-1.0193340318186408,-0.1629284405093798,-1.3433350361526892,-0.8320062984627843,-1.0353817527922669,-0.42714085599447865,1.2544908555675935,0.7995786661974529,0,1,normal
0.26140009773611683,-0.2824759342698837,-0.031699231746306865,0.9925104722691298,0.028847987156981756,0.1277811843546865,-0.6806728955298209,-1.8000242461420597,1.7639766929777867,-0.7525876313284379,-1.1893543889213347,0.9832839029358987,0,1,normal
-1.1742438629280578,0.5580884290320057,-1.6829414641956677,-0.1557088665308508,-0.473674870579783,-0.29633973775882455,1.4241445136600754,0.3403223725413292,0.11168003365533496,0.06640101968395748,-1.7700967942959442,-0.4479392937395699,2,2,normal
0.4665119107650414,-0.8463512270630296,-0.15587152140660263,-0.9114164981434261,0.28575209813776364,0.5392531922280109,-1.135458947383502,0.5837191796519561,1.0550391834851067,-2.133379816787088,0.21903904269220936,-0.976983186808904,2,2,normal
0.09485287976467381,-0.3892266263418664,-1.5339669607433462,-0.6969978078080197,0.6565793886120502,-0.3357308933294954,1.3947889607263755,-1.3283424960239358,-3.2668759252782786,0.5041165408824423,-1.3772521418254813,-0.1960625747538145,1,0,normal
-0.8953687105466395,2.1915198537938445,-0.31684896353446074,0.3731299083421388,0.18187321328677922,0.7003101904917285,-0.117051624907957,0.09660559790372206,-0.3858927990099364,1.1267524944926053,0.6178982175423003,0.15773244792395597,3,2,attack
-0.11093425719553966,-0.4663459223258781,-0.8150909483862813,-0.5309738573441135,-1.144444337635968,-0.7628541718556014,-1.5664776262681945,0.07879730094462387,-0.5700448604579453,-0.7639570338746287,-0.215770026115033,1.5259641916211835,2,1,normal
-0.5775848417177573,0.7014377922100722,0.19302735332916382,1.053018203732563,-0.0045368487286971725,-1.7242397566272034,0.14299224000080615,0.22121600145704842,1.1061497111372227,-0.9847217265005349,-1.4143130454011514,0.49110299013623065,3,3,normal
-0.08503007975894702,-2.0576237546325036,-0.8813232475164922,-2.3423859492957275,1.8293777519401981,-1.4168044834395888,0.03877912233477934,-1.183779344130484,-0.4947916391473286,-0.07104324429099564,0.08409248688387169,-0.08890438789042993,0,1,normal
-0.5110316175782665,-1.1562937961244573,-1.1612385461264216,0.7429989641396832,-1.3848663419906007,-0.24794530075501148,1.8831709606169984,-0.6430621710168025,-0.016430009995544406,0.29876187969147455,-0.5907850777312897,-1.3637244802335895,1,0,normal
0.5750187271759905,1.9071172316915983,0.04809343918042265,0.8414536078996993,-0.026476162948758826,-0.7059697064501725,0.8873237183169896,-0.7737942211249866,0.7130892467015431,0.570616959759004,-0.265673067191124,1.333599572589187,3,1,normal
-0.028302338298058928,-0.9669376381662255,-0.018643827873560684,-0.36646898413548434,0.9349388217948505,1.0016608477268691,0.561168521112674,-0.1754516488042361,0.7875550122757907,0.31014898237281163,-0.2134344636373545,0.07892020673923691,2,3,attack
-0.4930801986319327,-1.0490501295119479,0.024597301433129742,-1.8236504022268751,0.7952303079773516,-0.3068435830356227,-0.7007197159212474,-0.986911100012371,0.4104841783954531,-0.7771159273893973,-0.40346957257087385,-0.10058083659550593,1,2,normal
-0.3720129225618301,0.4746657614393171,-0.4571549267835991,0.16052990336492368,-0.38400469613551724,-0.41048211321139627,1.204740427354887,1.12125055477054,0.5349984592697589,0.2515840139583501,-1.496821919313959,-0.8628481741866217,2,0,normal
-0.39158167899602103,-0.6717488741110179,1.4183778543672265,-1.081554437605617,-1.35392145575706,-0.3408603626214749,-0.247376868807009,-0.8325388761192161,1.3525287954434235,0.7278164081341459,0.19768622240106207,-0.7303190451095056,3,3,normal
1.5436796929504262,-2.3992892867922313,0.03725531972286691,-1.021671197346821,-1.91684448345935,0.4617531023110033,0.6199366256770631,0.5462711053133585,1.1249382926529448,-1.769503165750279,0.6149239335368212,0.851510296517088,1,0,normal
0.42592517176269584,-1.9123729850600804,0.16356018597942132,-0.09518977927735559,-0.05975340455034908,-0.3730967611803144,-0.9241764138444305,-1.2595841205465068,-0.19778765506038226,-1.476702122940212,-2.6400393212400015,-2.431281859488084,3,3,normal
0.4085590160445912,-0.8364428861554477,2.162614017426495,-0.6534408153487964,0.7086447415866303,1.7803971428359073,0.8760358837156826,0.4246628372031068,2.0851477334892246,0.6686410227667137,-0.8868114864032046,2.0048992600568383,3,0,attack
-0.6562735342312782,0.3361846844800195,-0.9871492487116185,0.03480407044708129,-1.6832711152615645,-0.5608975849272649,-0.3599691519735093,-0.45642706886481915,0.19651467448238844,-1.0198580127977797,0.5271239884212519,-0.5386083452153758,0,2,normal
0.9153992051469642,-0.4523541693338995,1.334867274174678,1.4303643723695807,-0.5618865130979305,0.5458078446547705,-1.002717329072574,-2.2110047156524515,-1.5379644141342403,-1.2891926570763128,0.8528771745658813,0.310499293465242,3,2,normal
0.07448060799864656,0.6026315601876204,0.41107401350273554,0.04283763874876665,0.25873522187671166,-0.36953992835133215,0.4306703578456561,-0.5356040071335275,0.9909624866370221,0.028439386599357686,-0.9421721105464989,-0.2743630954464968,3,2,normal
0.703335812797733,0.4440211547007299,0.7561083282903892,0.17384070649978509,-0.06422240836594652,0.523730682387702,-0.5830873021504756,1.313428738378904,0.01888830005934597,-0.8025226524075059,-0.5912113381392639,0.3429591776215852,0,1,normal
-0.462975463717703,1.1952959208173575,-0.6864220292192119,0.31824785136399253,-1.0314600808908114,1.3409566227009184,1.182746072390345,-0.28537973974064473,-0.7561438919065562,0.5139338970627141,-0.8340275440536812,1.6662730406313675,2,2,normal
0.6996620756214119,0.199496060140597,0.2232834055505639,-0.33893260900575467,-1.3648868362242488,-0.15778162487341724,-0.30779100482583327,-1.0186681538398406,-1.7634502058502433,0.24158289768542018,-0.41163477970780277,-1.8297964554622101,1,0,normal
-0.9611101216454734,-0.997725264372834,1.5786049523300594,0.4844307429314108,-0.6072596670222801,-1.8491040488807475,0.9345939112543411,0.09816258847361879,-0.060776928979221725,0.44120555973774317,-0.8490869710570611,-0.8121027357824742,0,3,normal
-1.832854512144904,0.48692613057340295,1.465869104490355,0.40649839919757813,-0.019456735626269456,0.6155543834539278,0.18199147512631408,1.593195084929032,0.2946422765748274,0.7053495087510963,-0.9200638634350059,0.323192870744291,0,3,attack
-0.11754110622220876,-0.32530077581052785,-0.2885435320707858,0.19156677044053438,-0.5082267232693871,-0.8943324790007412,-1.3980617057573022,0.0894167945394138,1.6066807221759078,-2.503836514454072,-0.7428689222651774,1.5796480113200773,0,1,normal
0.4132827589081766,-0.9028373814921933,-0.36450111732565177,0.09615880955113106,-0.2448890064322776,-0.052176313088953485,0.24470020958154684,-0.4430769563971828,0.058592444013530254,-0.3393442277647896,-1.7599593853070012,-0.13690705145215273,1,2,normal
0.5750800989192784,-0.9153714635689607,0.8253268597460736,1.4579108767459241,0.8545440948686468,0.9918488747882656,-1.5173729448690243,0.8763936799253448,0.41507225876412795,-0.095466189720511,0.29908760890061686,-0.6270869259616407,0,3,normal
0.29453735260114805,-1.265470233192327,1.065434573030568,2.978130314330817,0.4119770803977156,1.165438726370314,-0.5272233893856405,1.742582007044179,-0.8388831901367333,0.019860642556810696,0.7266225494292703,-0.722049424701465,2,1,attack
0.07958541508499391,0.8714148515564023,3.3727323345081626,0.8947065812503335,1.0314068075750773,-0.6212605799523507,1.8050950682009599,-1.1567605069489217,1.559568297676338,0.09468220698723645,-1.2566253351630283,-0.11797738137623583,3,0,attack
0.2642960870457163,0.3708384332761535,0.2712505615244447,0.15011587125598932,0.3762395015324856,-1.043839434256076,0.2390673180753727,-0.5908511131423934,-0.9745815806026938,-0.8060166661430255,-1.5430595366503561,-1.3422293779949055,2,2,normal
-0.20264069899800496,0.7241122859119209,1.7620685130216864,-0.5162127801778071,0.8229372673533931,1.5433970028950181,0.5634707386370492,0.49827145912873433,0.37805245104418866,1.7752461763883043,0.6694055639130944,-0.3133466696255223,2,0,attack
-0.01991278316177973,-1.1901615317391039,1.3072235630243212,0.27878922138480655,0.48774980720066285,0.1316352721672666,0.5991712468015188,0.44751991238858463,1.1888025214796873,-3.607980769397552,-1.0721969956089454,0.7198115685677461,0,2,normal
1.4592546117776302,0.6946971072849738,-1.8931407186336424,-0.14796606717759817,2.006467138807376,-0.9875262814656283,0.5143674717703877,0.252221612231557,-1.8129273132146277,-0.019520548261890588,0.021075071135190335,-0.8828044048472303,1,3,normal
-0.62301414261203,1.160171292278856,-0.13627153072724815,0.3817490350346515,2.4817990563316568,-1.0278861533384829,-0.24029708317681248,0.07764851958059504,-0.38944149565922964,-0.5834874948227003,0.3595340878916395,-0.08863271875766976,2,2,normal
0.36788916174784664,0.11977752006468131,1.9829523116611782,-0.6201746208707517,0.34680597707968724,0.18219830377020052,-0.40023492295992075,-2.5458491005080184,0.9371643853434928,1.151165541510563,0.7221251223256798,-1.0020998865474184,3,2,normal
1.3660011894798718,0.7750306837932295,0.5782966436404191,0.03508105120599608,-0.047466057746039535,-1.1748807822950804,1.8208761192560778,1.5089753840137454,-0.029111997626223234,1.726679946319355,-0.20130881087189334,-1.2238539888680633,3,1,attack
0.08029135141806082,-0.8525357269981331,-0.8417716744637336,1.6987949721196611,-1.9022797391943185,-0.2903511710966224,-1.3422821007061936,1.60390028447551,-1.3299864616497235,-0.5132987315267472,0.31627136501450825,1.4682182884393122,2,0,normal
-0.4439115857147849,-0.7265378880304205,0.22846944126729404,-1.1339580509905771,0.2563704395435965,0.13486011424568012,1.0682507744991736,0.013214389214784761,0.03100461156407604,-0.502253627443121,0.10975433576787637,0.4047154944819616,2,0,normal
-0.5967871434975671,-1.8674300354441273,0.045294307683633794,0.7426124110504556,-0.3073275118954703,-0.6375991674885978,-0.5951480360961775,-0.5926438440326727,-1.603713567343593,-2.063323637769508,-0.6866921883009209,0.016365208405749402,3,3,normal
-1.6474669401737707,0.3615137092541643,0.02630747768412922,0.12680193013606575,-0.5946433810176437,-1.8472323419556496,0.5919677786083908,-1.2869116233784623,1.0065637638036047,-0.37053245973484267,0.42666541119902485,-1.1156836653326094,1,1,normal
0.9532167128890167,0.6846255348125119,0.7554410626602891,0.936091570640904,0.7533366649166546,0.6210037156721391,0.5835510121398467,0.42906459798959135,-0.5299855156028324,-0.16291935706997432,2.339710712227454,-0.8725424042894303,0,0,attack
0.261675688268358,1.0321698162886987,0.5416567485939254,0.8456181936813447,0.5146380569357838,-0.0317800491691409,1.2681796524048126,-0.35889647932687724,-1.547639750048254,-0.5542312798790537,-2.0162236825000726,-0.14854438167484124,1,1,normal
-1.3532412758174344,0.48416418244155407,1.990618312347197,2.213848556605574,0.9930745767466704,-1.163186048396866,0.9598476151457307,-0.4855350807823367,1.2696325294103306,-0.7353485097083994,0.20113441518542813,0.21725380977923242,2,1,normal
-0.5522765337459461,0.1090393031617908,2.055989492399995,0.588305022178912,1.5894297737673442,3.370802227853917,0.026416796632312042,-0.9529753953430101,-0.9882099523948344,0.021055511977975287,-1.3621164929690233,0.033758041510294594,3,1,normal
-1.198451714005347,0.8289460257048358,1.2480848950823566,-0.07503840885615656,-0.03904848123762559,-0.2804214235958349,0.1826437260839911,0.4137096823303632,1.5374944804140567,0.24636877664136075,-0.2311568927957064,-0.9399662415543777,2,2,normal
-0.8315044205696873,-0.9899238981130385,-0.6067173977821861,0.3467552672250915,-1.519968401807422,-1.4227473223528628,-1.3822430949817812,0.31567310786057884,-0.40611620810204024,-0.10869446823987268,1.3313551236749024,-1.8649051464580297,2,1,normal
-0.2787335031569066,-0.2537122366947283,0.9013722074207839,0.30949636851053036,-0.5820195098761269,-0.7269507511410427,-1.0353683674561673,0.5389116925588727,-1.36402621815766,-0.7170257308501088,-0.043619681253709824,0.4309023196515197,3,0,normal
-0.21940118708843084,-0.7801459022047895,-0.33454711302295576,-0.344874957802817,-0.13330977047370446,-0.2066567966891767,1.257588027784969,0.1303036102383511,0.3762611079888401,-0.22871972474739027,2.407780914226108,0.6365692771114544,2,3,attack
-1.2966455620815722,1.3373083308041778,-1.5992638622058397,-1.8342228876477116,0.6742733434279186,-1.549522305102431,-0.22481379888639053,-0.17494028179389426,0.6610471808711708,-0.6885638701094983,1.1750454832663384,-0.059859640615992575,3,0,normal
-0.20013709473895322,0.1083516047564329,0.9887414543380912,-0.1135266373957281,-0.5274380744770745,1.515848132050545,-1.571919984796179,0.9156746516322332,0.7299629990962152,0.15940380135346074,-1.3446128879164867,-0.9893560415760505,3,3,normal
-1.9939757180170739,0.7996040177373445,-0.2503463426566612,0.7767708450834214,0.6223496831857116,-0.9977575378861665,0.3378560585826049,1.2351624484579073,-0.2630257033100538,-0.35907288225992506,0.6494726980712185,-1.1237232166950035,3,3,normal
-0.7100464447449885,0.00033232645077950604,-0.0022735412711536404,-0.8378961702154986,-0.49121074249810714,-1.2284127107033,1.1049663079145322,1.6053825910907353,0.45224781503766354,-2.072111295147713,0.5435291982334496,0.09981170701786045,0,0,normal
-0.4890392372936944,-2.528546100758158,0.45136913591470185,0.5486733416683682,0.02972806581669424,1.4745111400413016,-1.8596331798886818,2.019014529635276,0.6133952805690172,-2.050305023991487,-0.965437222277114,2.533434765757301,1,0,normal
0.6146102574766579,-0.16378635748786358,-0.26405328160394465,0.13182983233359516,0.619815504456429,0.6383920969433261,0.6473610403295997,-0.8365006173336154,-0.31325303269890503,0.5268639113571428,1.4142804559969189,0.9715810942793638,0,2,attack
0.1431339204322832,-1.274432048740851,-1.0931751852145215,-0.09124395030582626,-1.1659142443943475,-1.6963800035223735,1.145908905120902,-0.6231841784050337,1.0819505385711585,0.9001562908342188,1.4255329972563282,-1.2399109447365142,3,2,normal
-2.2027471857048533,-0.8621848334681436,0.11824411984306839,-1.061655180563332,0.8687714578183867,-0.8983359505131233,-0.5059815123338052,-0.17058192882556764,-0.19609273671268426,0.1720298935627513,0.31875193719893435,0.863692835645563,3,3,normal
1.5343694418057832,-0.5903029788103527,1.7436297610226028,-0.703031887433793,1.050267377132984,0.2706708141378832,1.3015482771214169,-0.9729876977636661,0.6540831156595881,0.3172888366309641,1.0536239734136361,-0.0755170400586457,3,2,attack
0.34209967547573766,0.6595397585451336,-0.3661150224985733,2.5233410911120724,-0.8253663155932431,1.2839775559883042,0.5773136792441977,1.0519438839658697,-0.3615272235263562,-1.5786219902989205,0.5369330424586608,1.1653297654720085,3,1,attack
-1.4172962105157165,0.1480347764404386,-2.962085856787139,2.086706746093615,0.6220961622859905,-0.09073855062234705,-0.40063940403434883,1.2238445807100933,-1.5689657600785125,-0.08245346784857234,1.7109021492497425,-0.027548825991567084,0,0,normal
-1.2318999906892714,0.6394119528446545,0.035499642095776406,0.19748695554967816,-1.272025753097939,-0.20831254977812177,-0.6574356240973,-0.43600881434089017,-0.9861078013757562,1.1052645082915056,1.4074272025544992,1.4280834307965447,0,3,normal
-1.904402338722679,-0.7272231754518748,-0.8915436828580992,-1.0797431948260705,1.0780557324418474,-0.7837466623993338,0.47842854787586236,-0.48331326674582,1.2173690437235642,0.953140495143165,-0.8250320704862952,0.44565589128512223,0,3,normal
-0.6658892168428233,-0.5412945541510524,-0.7344383965889624,0.9861735192308183,-0.435646308160727,-1.0742779296483187,-0.40177151391429644,0.4745686422575361,-0.1658188364428185,1.4180434820689523,-1.1664693551282526,0.9181414773577413,1,0,normal
-0.19905674835597317,1.210356399166018,1.636625626203395,-0.9083184287346001,-0.1794410230948081,-0.408044236452829,1.3163384054733243,-0.5817734346825166,-0.6459946206631855,0.7699786425041277,-0.6488069175515491,0.2906731270015658,2,1,normal
0.07346971761003859,0.5528414372087096,-1.3407696523032453,0.708192740708083,-0.5516487479783646,0.9773709114876533,-0.9370423361293858,-0.5204611987165113,-0.41397861913242534,-1.2183807123155077,0.760413252550087,1.9152021560975439,3,3,normal
0.9542783390845573,-0.22163097642935475,0.8536131343435086,-0.40672343770889874,-1.112869039446055,-0.29520439517513625,-0.2339081417934337,0.027713416612187774,-0.19198611365164592,-0.26123170101720816,-1.2566857060317307,-1.0710923682683184,2,1,normal
0.2298549538403112,-0.9087020854424418,-0.37587854210742466,0.4725890469551854,-1.0406025491918278,0.49332125026467577,0.8800109668003815,1.0365608683344882,-0.17154812307476494,0.23489815131300631,0.43697941244713256,-0.22887129524670907,0,3,normal
-0.05404121435594814,-0.058465670646613295,0.17997592648263427,-0.3307139511647027,0.4568805960355295,-0.44824215003530393,-0.027873422041815338,-1.1888721690918551,-0.6997327992205952,0.5449477614325199,1.9699706501448522,1.4242768371684427,3,1,normal
1.381172652218432,0.6806513392162704,-0.8104317098380864,0.1407119700502358,1.2105051877085828,1.9261235551520064,-1.5348789335644002,-0.4219650474191001,-1.4199953375848324,-0.4814233133316435,-0.029082598282810034,-0.498076326253516,0,3,normal
-0.3203591863803846,-0.08753955725072933,-0.03142917913463438,0.9125683570944917,0.43840892400122883,0.7677926963060376,-1.9063443933927435,0.03336413835703248,-3.141319461992242,-2.0932096048738553,0.3835624330447081,-0.11815795798687823,1,3,normal
-0.016740455053283233,-1.2057878414327008,-0.047802513370158756,-0.5920584001523443,1.4763181239904941,-0.4831386773203152,1.7275963254956102,-1.751617382726867,-0.19718353354126775,0.45715578133335727,0.24925827214042268,0.4166260435577419,3,2,normal
-0.06370685828011374,0.8940265473623821,0.4601133476632877,0.2758555667882903,-0.8509900581191571,0.5056559703259177,1.2289027476086538,0.6974172046727855,-0.28131784090502426,-0.5210282593048607,-0.16129392021041167,0.3640355610109848,3,0,attack
0.015742139387184016,-0.7204258820266068,-0.15322493550391184,0.4072796825127508,-0.22805446068113824,2.5226909291171533,0.7268000751765062,-1.9233641238047563,0.6537091402010954,0.4022956942678516,-0.5990653505862445,-0.49653320786514993,3,3,normal
1.2147986234398758,-0.5675650206417983,1.173089421179561,0.6016016619919295,0.29271827601800604,-0.47971549923234125,-2.3724282018152465,0.8811282400996443,-1.3130735443740238,0.9818969558478808,-0.3074029858816762,-1.220856208697183,0,1,normal
0.4880302212022985,-0.0010358691096359499,-0.5448180789418475,0.8556567877126986,-1.354293712035077,-0.271169386667274,1.744883439849589,0.5193480009621073,-0.6830643786934097,1.8601050237143604,1.122673323717734,1.75211633053529,0,1,normal
-0.2123447575941043,0.435891109884874,-0.028317894618372502,1.576135055254315,0.3926684371695483,0.2438926667762533,0.2452409310691824,-0.8396202444334436,-1.2908600427791548,0.23749591544193976,-0.16789105654214936,-0.8142465972107907,2,0,normal
-0.3814183614328855,1.0174091484887593,-0.49711403654256076,-0.6338385950728445,-0.9081934745282507,-1.2606433390833498,1.3746386635625598,0.07620629342450747,-1.2108681240970571,-0.7194238858759694,-0.45508729148267857,-1.4081997461383815,2,0,normal
-0.19160905071989484,-0.5569340124198914,-0.5445543448192065,-0.7978869487928032,-0.978689456362446,1.0903056743469872,1.514280282671937,-1.2513685395224052,-0.42358782869768963,0.47272164229919034,0.6607771717105967,-0.5481781725804284,1,2,normal
0.4330313097347299,-2.019234893932922,-0.7692717396094317,0.7090878199300029,-0.4610116442507754,-0.965906944783117,-0.2535480721799306,-1.3493059497032414,-0.8126987500661433,1.010334443273582,1.0625473788584816,0.7079797706337413,3,0,normal
0.482308798335451,0.010645606359072215,-1.634492487094049,1.1947853996629236,-0.5040136331762988,-0.24611488239932008,-1.499984485793331,0.7432095772772749,-0.3839933966702938,-1.506929842960847,0.5766674123233342,2.4287268634794663,2,2,normal
-1.1042255330938806,0.31967592737203876,-0.6679628094685474,0.5163278502997688,-2.041324674180724,0.31901794882380125,2.7869078024636784,-1.029961630790423,0.8359174636004326,-0.37355219861632216,0.8082553684782837,-0.10480568696151821,1,3,normal
0.4893209877135431,0.16618848482096601,-1.2374929752347226,-0.14444401481391317,-0.5892671564631528,-1.7889141299624374,0.13160170202466223,0.8164217372373515,0.31287192609301506,-0.37418080572455853,0.4869984183614661,-0.7807978447361834,0,0,normal
-0.2534528758485394,1.760842333274727,-0.16028135814713065,-0.4652229381878187,1.3630786671456652,0.2521636250330718,-0.6749257102167949,0.5229380732882799,-0.4377112503228708,-1.2122971841138304,1.24839452692539,0.45847821393204546,3,0,normal
0.9046462391789969,-0.806301846362611,0.38543292872141577,-0.5967575307911981,-1.1900614275737669,0.38982507328125793,0.24157974990775233,-1.651860588257746,0.8072156483533345,-1.522664380080385,-1.4260233368859698,-0.7682132778530089,0,3,normal
3.1072940479288684,0.19507647851442886,-0.49972815497506784,0.4821722964005298,0.07744821796037757,0.16422650107444983,1.0982919285106822,2.1485531624693026,0.48565201237327743,-2.4229185635968995,0.097989496452886,-1.2350907594545468,0,3,attack
0.7410255725659283,-1.1681063730914178,-0.9864188056440816,-0.024396023071133196,1.2626022010011755,0.5007512081521297,-0.20851722450969024,-0.8888859503109948,-1.4486018614715384,1.7075115569463482,0.7728472561392573,-0.8157755772757798,2,1,normal
0.03261934092749706,-0.07154456932182594,1.0679494945599122,-0.08365405935694871,-0.09774088570437299,0.5707406242307816,-0.13688578509076801,-1.804472848688518,1.279480411606897,0.7466444098271627,2.0099342392061073,-0.38210657326383146,1,0,normal
-0.5887615554311314,-1.3152805100287654,-0.22083241097190667,-0.010953565749099971,0.05597418950830326,1.4870093517177525,-0.7699748986617616,-0.19571386263851004,0.04990170737189045,0.3783024120988237,-1.0019083710238026,-0.5433758236070634,2,0,normal
-0.42977563716694406,-0.07379342411595095,0.601135789641149,-1.055946080993248,1.4096539120523441,0.4987568842127996,-0.003965811483257209,0.3110781695509608,-0.9007056320340163,1.6965662779277257,1.3369431574858002,-0.578689478163983,1,0,normal
1.3435844206175935,0.44099592315357145,-1.675783672238541,-1.270249046160724,-0.4292559199857242,1.2124037800358285,-0.785621494800573,0.5228056199000609,-0.6297363346281181,-0.7024328921033288,-0.8765197798799416,0.3899350758362947,3,3,normal
0.2551910658491859,0.8296404232160969,-0.530870565531475,1.8587831162666804,-0.258091187860534,-1.9431627245988596,1.2437473436923268,0.7223749270200066,0.2278567939515692,0.8249559654974865,0.5460541602799214,0.22641704960910702,0,1,normal
0.512151507609505,-0.3441712963567036,-0.5592305372784832,0.6075721939952218,-1.423356573459032,1.2659516344085568,-1.7683701314617604,-1.086415990080015,-2.4523723117928466,0.662083946843825,-0.3497705737697752,0.38006668636552077,0,3,normal
1.0160261100497985,-0.9397730149305067,0.995449007736284,-0.7975736025585807,1.7081902040864563,0.10190094529805997,0.2866744534062501,1.1382766665289306,0.027262169827729422,-0.40149417243454144,0.5108462728058271,1.4090167323720395,2,0,attack
-2.673824688576474,-0.014859751635332128,-0.3010027585759515,-0.731078808014083,-0.8294365109697929,0.3310510259161674,0.18619657427525774,0.6061095080736609,-0.5132568113453495,0.1741390230619653,0.025794177760072836,-0.06219981396196852,1,1,normal
0.14853933501846484,1.0786560198095572,0.28555426732959227,-0.14205016045451432,0.26815002169491525,1.4695532742153827,-2.124842577679666,-0.9776098790430581,0.44747480249088256,0.038089805329648486,-1.8304333059412283,0.9679125939643942,0,2,normal
-0.9804081818793018,-0.4478625933502188,-0.413663502536465,-0.6512949763351141,-0.4399476046856976,1.3757799519943554,-1.0044600738131804,0.29593395986460264,0.18246758482983172,-0.47349245847574145,0.39517767291097483,0.8658270413570678,3,2,normal
-1.3305281874692563,0.4525891642749072,0.27984655404067565,-0.6393995390328158,-0.47633382619013337,1.7442999962569694,-1.2170867250290842,1.3931727839473977,-0.030137427166272324,-0.025689918695377387,-1.7750838916934326,-0.35533380844711543,1,2,normal
-0.09231343220129155,-1.0275197468592607,-0.9402504507877686,0.724181944847491,-0.17880329075057252,-0.6791251467077705,-0.251221803732163,2.099545162477602,-1.5640936521314197,-0.2974354616874559,-0.1819611905846127,-1.2350331612225676,3,1,normal
0.6768584974944774,-1.179523768382849,-0.44725011688834326,-0.4310780603128702,-1.44035036066082,-0.07477924278623409,0.5004222778548224,0.31394934672481245,-0.08958138459563501,-0.4924477763774185,-0.06916437021865794,0.27270679217784255,2,3,normal
0.6104090471889569,0.7984991323301587,-0.8506245360113809,-0.4886055271956509,-0.6062516274474038,-0.5007177777628593,0.24668654530819556,0.6973126936788094,-0.7366602373063332,0.5128874222560469,1.095026327475375,-1.4962999413505085,1,2,normal
-1.1478820965312952,0.6565911417223337,-0.24746364760721268,1.1860977756855633,-1.2986697928954698,0.46471692537194303,-0.30700506121043825,0.5657891096357853,0.04404127603155134,0.9603335299496606,-0.22516936803713172,0.054421923928758685,1,1,normal
1.0605601147289938,0.6261698481883018,-0.4982832155996785,-0.9534539782773462,-1.065336361138956,0.8467208810719372,0.4889395166405825,-1.0666394280531506,-1.875348587041117,0.5034700836550303,0.14633620341160083,-0.14265090081764553,2,0,normal
0.2862658190545044,-0.5789147072353955,-0.5226030815058983,-0.5685315201179724,0.5322427307529267,0.8441135215601971,0.9840963367056589,0.43729416232279866,-0.6610305542588122,-0.9215594120938524,1.061226976670624,-0.6237238283646078,1,0,normal
0.6191534174814775,-0.20365302000126814,1.5348283853490194,1.1182258156873133,2.2014042642813183,-0.7926633678891687,-0.2247294904766672,-0.21354478833881302,-0.9098784290543933,1.1543212904559428,-0.3531435548127041,1.7339056951192737,2,2,normal
-0.2964251432255252,0.196650132536792,1.1661662251807856,0.7532302858684307,-0.2307541181532556,-2.2806303464348496,-0.573507053920137,0.7798369482250741,-1.6326100355991042,-0.8741157616117182,-0.00959570537799244,0.44447143172649245,3,0,normal
0.7988328456172513,1.4498828510964306,-0.7027927387470103,-0.8401119109941579,0.09187764066260355,0.06067660465949956,-0.7093061621995213,-0.05653550213060392,-0.38033578771123827,-1.1447605042819236,-1.1714674721013423,-0.06523906958921562,1,2,normal
-0.13038251418682997,0.40496224633262434,-0.6713849536924071,-1.1195430574149472,1.3807911273131357,0.10901834482801068,-0.4663804923000564,-1.1114361397408465,-0.4115513027223192,1.4699574730820752,-0.37805987936435204,-2.027321455154469,0,1,normal
0.46746388689759955,-0.1157891049698314,0.2808888364696049,0.6871960722468372,1.4213966820081783,0.5037151826241514,-1.153880951766844,0.4070960293009172,-0.8974608768846823,-0.5916693066568532,0.2491237930149501,1.3330298493681119,0,2,normal
-0.1852928395022013,-0.5071437346561367,-1.710903152057451,1.340762863966065,1.044889032331294,0.8763163806519007,0.6011168511950484,0.005019108482322542,1.0969878593662439,0.18614903416355844,-0.7970627381777091,0.5417493692897645,2,2,normal
0.22469018938915147,-0.6393449421482817,0.15444881117139797,0.15915370339247556,0.7578686052770843,-0.3446841414585657,0.20748711946810716,1.7931473730786749,-0.6949681817987146,0.2116026279128878,-0.025146460770237047,1.5700647000203187,0,3,normal
-1.485281065696911,-0.6303873127494775,0.3685289735596878,0.7303643356397216,1.1643294870369838,-0.6112781954770643,1.6355711110816211,-0.8305239506512349,-0.732865590937729,-0.7846867053240772,-0.5198905778764652,-0.15728813280832685,2,0,normal
-0.23202422692959526,1.0658714289138502,-0.29021988532832965,2.2675323216892345,-1.5177945115867468,1.8127875021839144,-0.12726852188981252,0.8043795638059239,-3.141049725198603,1.42768832884801,-0.6288052992865221,0.2644422989922621,1,1,normal
0.6165357861789649,0.5485852676369839,-0.536626826851417,0.9714341345454661,-1.0382939513447167,0.1843432900092607,0.3069394034960348,1.6436707162180348,0.8857956023684685,-0.4105893060460737,0.986316500644607,-1.339977854044951,0,3,attack
-0.12043526803484647,-0.643085883215817,1.2203144435089215,0.373599455243732,-0.7876570499530674,-0.0121898079474555,0.735893790127342,0.15486512247784218,1.0432332533464566,0.023394394510096533,-0.36942066745363267,1.763872813389762,1,2,normal
-0.3787248360707831,-0.562487942977561,1.0293384549404394,0.10172230605256832,0.037840332372114587,0.5816875117187823,0.45299407359944055,-0.5410916961004926,-0.22438653228815347,-1.3266284727542101,-0.21359466721013037,0.48195194661242435,2,2,normal
1.0352143910711376,-0.12759453587596284,-0.24350918730463286,3.239449696140145,-0.006208393589007156,-1.0789161767032422,-2.0772948319028917,-0.15703369077229137,0.22441061291640932,-0.05466899705486485,0.645146416113521,-0.10866089115522089,3,3,normal
-0.34425912773456974,1.4791368608190611,-0.4546185436366404,0.06335927606421062,-0.46825313675818475,-1.3175400911721482,0.5561341134612268,0.4919371445022629,0.5664823871242711,0.04087424955790925,-0.8077190948857451,0.38760762809112737,1,1,normal
0.27743122738781706,0.7892908835919398,0.729044749112276,-0.8944643247085804,-0.033391207096495304,1.1302194936657393,-0.07686655701894628,1.0021231286274468,-1.4800208795185772,0.24365575855526855,-0.057414934841434395,0.5059245359824432,3,3,normal
0.6331356650414335,-0.8971075408006278,-0.9033957919180683,-0.43005459928607687,-1.4941666590016696,0.10728334092549868,-0.9189184654515556,0.7165928001488651,-0.25242017045265075,-1.4864761776450204,-1.450561302632529,0.29413986467317627,2,2,normal
-0.6447056673240829,1.0495270773134489,-0.16987707885588574,-1.4017276722854608,-0.6651183455129529,0.8338818370001855,-1.4307313293684327,0.029746810988434912,-1.1326812636454089,0.01832952018533201,-0.5129968473706741,-1.6443917636306218,2,2,normal
-0.2775065056215466,1.2782705840269921,-0.7761333638393769,-1.6197659393034594,-0.3641395740598986,0.42803316799486146,1.5970953496850477,0.10312610362886725,0.22085001369537216,-1.9905132445294893,-0.16045089497542137,1.0533546386299333,1,3,normal
0.6600344619650325,0.2505835437878987,0.8619204470412271,1.2759258000828062,0.8603865281521946,-1.1052170592533166,-1.4274260694571426,0.3454276722634453,-0.5241952574053304,1.115912497374487,0.07050976844043275,0.5942233213638284,2,2,normal
-1.0489700550059602,-0.4126346330271853,0.839185730321436,-0.934881973877615,-0.623312894946319,0.991270690707162,-1.4075372904565824,0.878385034056402,-1.431807116234341,-0.466644970424573,-0.43015639255419685,1.4102334504420493,0,2,normal
0.39594869831644247,-0.06593096430644219,0.25724795808097267,-2.1833970792022535,-1.5073435552662622,0.08551722017407767,-1.3678429060880783,0.8309573205115107,0.7583572176153386,-1.0458156824037208,-1.543778766116253,-0.46803000513790005,0,2,normal
0.706150004908469,-0.7570205252866227,-0.24485557317530815,0.15624724377510907,0.9138401386194482,0.5575713132490946,-0.269029186473346,0.08737508166838295,-1.6219921547111043,0.4084447392840092,1.4233260011250615,-1.0830337867537332,3,1,normal
-0.49667770592475785,0.6739748319475797,1.1909322280150514,0.6168741880920502,0.1387779304942927,0.4856236862818851,-0.49332495577895985,1.4709897800851575,-0.8681464386088746,-0.8704173156178288,-0.5393249213317758,-0.28946449083513637,3,1,normal
0.7940227479661381,-0.5709240317468243,0.19037251824921997,0.6321942842950918,1.0496093663312782,0.11262940321007452,-1.232667200317512,0.3428603915964886,0.8735960183359474,2.163532011588004,0.24743873277055647,0.1529164073091461,1,2,normal
0.330112010552083,-1.5413942554193614,0.5727680341527157,0.41599385710923675,0.37585542415118484,0.1238190725731473,1.3598714721400775,-1.4452103500738662,-0.6636980238565263,-1.119432740158589,-2.235153479404545,0.47406872592614513,2,0,normal
-0.2654875524677547,-0.42049867924252304,0.3360767142781569,-0.3469697382186555,3.066653529706352,-0.9691793072181003,-0.629495874246124,-0.11986701350740456,0.23560249665603297,0.5123756398398343,0.799264822681556,0.22995222990932518,3,0,attack
-0.8396394458539818,0.40118632899491874,0.1871369487855183,-0.41463395778734513,-0.6234008370952138,-0.7580442582066146,0.3759452925172467,-0.2743707288389567,-0.754259671822293,1.4427018806823868,-0.9677334132804575,1.185882841640896,3,3,normal
-0.11677110420779194,1.157476375494937,1.0231645140680623,-0.26990581282111975,1.5527531337830054,-0.5869195099896316,0.9958156525582553,-1.3733571358915826,0.755661650154169,0.7352734460168013,-0.9870770150804576,-1.1194619393423146,1,0,normal
-0.7759946737968417,0.3299305178130057,0.4483372645811357,-1.088495714893391,-1.4257077298797889,2.4026022624664525,-0.4028767813288518,-0.590580492706547,1.6797388856664437,0.11027202256955033,-0.25992211411759636,0.7977923472321138,0,1,normal
1.2537636012945312,-1.577566730002134,-0.6092973983621761,0.5032421672196179,-0.32092583023129534,0.05142338383762085,-1.0281314139102593,0.7412392209430243,0.0973958845054789,1.0989524549390843,-1.7164337992335377,-1.1334880898287263,1,2,normal
0.8756827370902299,-0.3989607798235898,0.5393611040034616,0.07469929509454579,1.8396161681645262,0.7334408502797186,-0.6959101216867701,0.31153331337992524,-1.4527979936141835,0.854765331108606,-0.2824992582135935,0.3243006205826515,2,0,normal
-0.06945012176964087,0.21117862166519522,0.9900877722228246,0.37824838165496527,0.6624042197821409,-0.28862772877690596,-1.5118006317235904,0.5785832958615137,-0.4142826686065386,-0.02944677291667122,-0.05983068725885377,0.8260975093904187,2,3,normal
-0.47949985971409337,1.0577984858420246,0.16099408465623682,1.8835823301024734,0.5663397237214477,0.3074558170421734,-1.2977160146322435,1.6036873159233003,-0.6772981061870796,-0.28055701743987427,0.3499198007934747,-0.12240086049932589,2,0,normal
0.38727317382360027,-0.6393971134260035,-1.3368682072503537,1.3995374892420536,1.3744208665492976,1.171504007521596,-0.18459200457128255,0.5697102098478873,-0.630188327566812,2.258819730766049,-0.34966043490942794,-0.02209004981670958,3,2,attack
-0.3071595211361451,-0.3501707874334315,0.7896306288365811,-0.7953794340522163,-0.14567892842344965,1.134813161653828,1.052428958660139,0.16381328971520032,1.343703447975435,-0.8206874573395391,-0.22106990132894072,0.4394332146503132,1,1,normal
-0.010407593764315824,0.5139587223065345,1.2178150549149755,-0.1248753883887074,-0.9467047059300302,0.45542150389358926,0.826794745266355,-0.4439736277220235,-0.9186284741394805,0.8132640737569761,1.5791509538791173,-0.24841973942044837,3,2,attack
-1.9108351024091623,0.8326184102330799,1.3777406238585381,1.463491163902079,1.571485374152358,0.25164774325110656,1.2146509288102967,0.15870043070747647,-0.5471755159037015,-1.1538774459208976,-0.07739940960116212,0.14255484487637604,1,1,attack
0.9853409287571729,-0.24576534675420525,0.28934542100206906,-0.9917420112167735,-0.7576919708573672,-0.7912321438441433,-0.9663179114865637,0.1568592612716277,-1.2394647069197777,0.7000216875782642,1.9515402382792526,2.771506426622204,3,2,normal
-1.167969587529135,-1.083952595233721,-0.9960467856226272,-1.6713704510536007,1.5845043579806295,-1.058254391642269,1.6639112165500103,-0.671403633875392,-0.7168327227605985,-1.716139075555893,0.7784580348784387,0.25013912115361325,3,1,normal
1.5433557649013687,-1.2180192134404788,-0.7199651518755885,-0.27069750111507834,0.20261794109513823,-0.15342684848084182,1.3074448138568107,0.9635137944589344,0.5483603169491571,-1.5922394097031576,0.9595143324683099,-0.35279577753876756,3,1,normal
0.3060081146649995,-0.3671555366712066,0.99973038148859,-0.1222415598752199,1.685632616888151,1.0008087545601483,1.2223703968766473,0.48888038231407327,-0.21421376567179232,-1.5080401545844055,-1.5448747823282782,-0.8124550555927574,2,3,normal
-0.41809270886774086,0.8541646886810244,0.9102724382885863,0.6233891085402529,-1.3434392387533147,-0.10252289734533562,0.3641107353369255,-0.581120179091983,1.463200364809191,0.9214855519339187,0.8081379994510213,1.1004299390521002,0,2,attack
-0.35732014541941565,-1.5691948381656948,-0.4691187721970668,-0.4432112223225431,0.3480179020980282,-2.8906377434709496,-0.7898399468098533,-1.3334420171596508,0.8224555097209936,-1.5180420465032751,-1.1212492435374948,0.13248473992336945,0,3,normal
-0.9128841105485229,-1.11550214122955,0.27646266709113554,0.17434339929360865,-0.1512301813533984,-0.07336503091703145,0.6215816980400013,-0.5661298343586667,-0.4099554666157717,0.3689724426791879,1.7240739264561686,0.3106802078909973,2,3,normal
-1.706012828040212,-0.4938961183412213,-0.10637576843902644,-0.2758148693045556,2.0101718545824077,-1.1144390032506128,1.0177652551634828,-0.7996427226397574,0.822204358677585,-0.8000893743342242,-0.49215674201573617,0.5351841918006863,0,3,normal
0.8117712681123297,2.2361803441959074,1.6550191709461928,-0.7995456082072232,-1.1804090275702783,2.078578554106313,0.7076942501133786,-1.2813243776911205,-0.17436362518517973,0.29044622744934523,0.05276385440987024,1.4729406919843147,3,3,attack
-0.2578098277394415,-0.027223353642340613,-2.7997937766492407,0.08754789517480865,0.5986215280326387,-0.678798714852227,2.7806032873653224,0.7026743416160477,1.2073197675076226,0.6289995976846837,-2.4054184619488197,-0.24461005117694737,0,0,normal
1.8113482348307837,-0.28125778337600205,-0.9890348973349379,-0.0966877402685421,0.03435186443485545,-1.0696402284587878,1.769649656569409,-1.7056081279474982,0.10642250004696222,0.27623795924774786,-0.2036457385226699,1.0280650574451295,0,3,normal
-0.250683932010865,1.0202585214524738,-0.12886412909875875,0.27864102459609214,0.5219948097828594,1.248555939036371,-0.24455011257547024,-0.5420854362702039,-0.14551951286847167,-0.11692387263492207,0.23803284564986976,-0.6122811449185243,1,2,normal
-0.32969794203626107,0.9504699258497633,-0.8520351821147754,0.7193400164062708,1.7209542201416843,0.5749699620920175,-0.625276636463113,0.0228257626507412,0.07991759219582834,-1.7439843135874198,0.027687020885915025,1.0955309369467283,0,0,normal
0.4570866283253481,0.7518498270673257,-0.5209501914442325,1.5328909259610202,0.06745963410885245,1.1970889239790143,-1.0033620953719473,-0.5751300268918789,-0.5570742336699671,0.732310730584386,0.017626849802420616,0.49389509656242114,1,1,normal
1.0284254822231687,-1.3058936462249895,1.2852079636864542,-0.5617073061061477,-1.6908074664133244,1.1279080846528164,-0.5047777091034844,1.2836245299534645,0.63781627537807,2.5739059416126926,-0.45389564071781036,-1.8638117549518494,2,1,normal
-0.12536347358704455,-0.4321921775689465,-0.32608454332955333,0.3053298103529078,-0.6915467117362527,-0.8859848111303216,-0.5593215009949846,1.041740449364282,0.4152757152704258,2.9694899025572155,0.1937599499599218,-1.6566373218110022,1,1,normal
0.7123643062003246,0.9870776891758197,-0.0007694731478874264,-1.2711560897633414,0.7785560532190252,-1.1017844006716673,1.0004390301324948,-0.3944108319893947,-0.8824244705717571,-0.18511528850834652,2.4516757625298076,-0.11445360288198916,2,3,normal
-1.0414586489041997,2.009282280574484,0.4355855143684759,0.026305590219863974,0.004683506671190352,-0.03375822555232545,0.968521503884571,0.6870390150023744,-0.5801882336232698,0.902193729190023,-0.18452886711993352,0.4973797333929386,0,2,attack
-1.8603073773872094,-0.9501963262054857,0.4915923299266837,1.1645585535772736,-0.4933867979332809,-0.00814620618632081,0.4157697469259242,0.38995561123104433,1.0986993129239329,0.16685000744842804,0.08003718548097885,0.2858379259263359,2,3,normal
0.8753452164068143,1.2563985535760533,0.29691753810557636,0.4458752199330505,-0.1633271926209456,-0.6410785850278209,1.378889523025832,-0.5066764185637532,-1.2566997292919504,-0.07204469345551624,1.0558636109012018,0.6468386594578299,1,1,normal
0.16697076762442417,0.3659140154414436,0.34823872519939836,-0.1158264391439451,0.2851784541418615,-0.1645593058498239,0.5128464691222879,-0.0816777481017304,-1.5365663409426962,-0.7429196956051868,0.1757575077273645,0.24616758922166648,0,0,normal
0.7706802151958739,-0.9184005500392716,0.07329704278940029,-0.7269194967574021,-1.6148711563804803,-0.4257083029999726,0.17983741282614477,-0.2244516280522939,0.6046336115895362,0.6095159497004603,-1.6990847987725906,1.7010785420408345,1,1,normal
0.5529320183859281,-0.5983794925350641,-1.2198309707755661,0.29099221478893306,0.0322588352881019,-0.8279221489316027,-0.06345814640349777,-1.2122268830738019,-1.1120644150637067,-0.35137058496497153,-0.1493650921756205,-0.3004547789841561,0,2,normal
0.6218286357252039,0.9812658189642021,1.9512649068537473,0.20646284970403,-0.2907638876297921,-0.7983049826972958,-0.09306962831477603,-0.74854492692636,0.04837494935259693,1.4583426843962164,1.1789235284451158,0.9940711918737013,0,0,attack
-0.4071091333108211,-0.2481865601526394,0.8570780265970824,0.4864696024323082,-0.6323132228511589,-1.5382804945291333,0.16381047545278468,0.6143073103258403,-0.7417470273558993,0.07257035503882156,-0.2223287893650763,-0.9416756629388324,3,0,normal
0.46186661965002385,-0.7487280227536189,-1.0831995258320748,-1.6154164644403988,-0.7866906889287286,-1.501311067659934,0.23637817590602828,-1.1507755290873316,-0.83124351431838,0.09813043943515444,-0.3450934334717932,-0.4609899809816534,1,2,normal
0.538706011952397,1.1557131755817156,0.8127717723073873,-0.1103461725309734,0.4100397200372687,-0.6137574593539263,0.7849238662388711,-0.5471646637565416,0.9717086307458775,0.6400491911134413,-0.4060254208111664,-0.7762932538628133,3,0,normal
-2.017898816884423,-0.13290208687737637,-0.4754032116282568,-0.713688391694447,0.09170878488047488,0.23737272128517253,0.699358968405038,-0.017604245489890535,-0.44660268107283596,-1.3757967190606373,-1.9453391921881231,0.28627210729882346,2,3,normal
-0.4231543255816252,0.20706724019666825,0.19133257369864257,-0.03856921957169673,0.21667053513036663,0.5623016184292859,1.2531733196440975,0.14526164472792913,0.9842680013014987,0.5647771370581246,0.4437186343596292,0.08178812049332332,3,3,attack
0.34306378063414533,-0.4331677523248102,-0.8565316897328382,0.2542176462523284,0.04403405887117654,2.974500795523156,1.3100243022996,-1.1248943198141668,0.7992330758708427,-0.13702010913592166,-0.42586550946429946,-1.5437917667627536,2,2,normal
-0.015044475357402328,-0.5506113267251227,-0.8592873409447788,-0.192456463254739,0.9637064877997445,2.116041729942907,0.7314806204327884,-2.0619540521813913,0.9203731228531377,-2.0289055707561867,-0.9546000533687365,1.0642475881527504,0,3,normal
0.009840719593989408,-0.015190038775736707,-1.016220493120364,-0.45557413288666865,-0.001982258916429029,-0.9207402053593089,-1.7896932045675018,-0.13890062118947158,-0.2593220874772166,0.39941444790838565,-0.16291346735874268,0.1840225524025159,2,0,normal
-1.4658788648936367,-0.8935346681316296,-1.945366302867884,0.30629387154514415,-0.3351149737885625,0.6074053513216504,0.4573621118352401,-0.472706872084483,-1.1550998399730577,-0.8826688111048763,-0.23516510750785874,-0.22442879795962334,3,2,normal
0.15206054755221884,-1.0746850911120587,0.9124646298774538,-0.652233103987346,-1.8114178784770636,1.1014706490258106,0.475595767447854,-0.07616782625480098,1.080713227937938,-0.26302786249662463,-1.1484673946723751,0.26464482790638566,0,1,normal
-0.7519258239125377,-1.199237706323994,-0.7917215949393102,-1.6584163975436663,-0.18206988196432747,0.7831571595264007,-0.7343624851379594,-0.9837383912678181,0.5456466627062158,-0.3470132339299286,1.0641249668567148,1.0607794572895315,3,0,normal
-0.2523566618717705,0.21225953468483152,-1.2105551593904862,0.5793896109897623,1.0536953270047678,0.7595242411251244,-1.5700699101143192,-1.2551851583545754,-1.0556665658314006,0.006864433751511055,-0.030925585346002538,-1.1887230935963506,3,2,normal
0.6899919320207013,1.2085660004603775,2.1107073964649006,-1.2975580803877107,-0.48535688196959054,-1.2655780433219692,0.16033131782419818,0.9865699489963586,-0.5090487304185277,-0.1349584621604191,0.3972991655020397,0.8744539935192122,0,1,attack
0.9691192473105307,1.7372443772807478,-0.22420272913372777,-0.5453765274827536,-1.620851141562509,-0.7516524588604432,0.39378324945465637,0.06160385180967873,1.1098898963819006,-1.6718754795345183,1.2921375954261145,-0.5124224824032542,0,1,normal
0.6088727667441639,0.9868632389745774,-0.24774344041019325,-0.29110755785322384,-1.7306944689214483,-0.0036281123472777666,-1.9400794860099164,-1.3919181954733588,0.4054867639812839,2.5195099931295184,-1.6736566104231827,0.6672413465386344,3,2,normal
0.7089573565150905,1.9369605298759356,0.3045399999856415,-0.6016602113711195,0.20639436297553043,-0.4658634046665978,-1.6349204100974113,-0.5910004048920292,-1.2280005605728417,-0.018298066152232915,0.0005910296557712952,-1.6194200987220926,3,2,normal
1.036500085432582,0.9380016919715515,-0.9920391280702657,0.010875294075255018,1.123650226066238,-1.2675632882146324,-0.5735749759795248,-1.6272320162253153,-0.3102431068973881,1.1152900365619227,-0.06077918882729723,2.048606747400437,3,2,attack
0.09223308219321469,0.22539105801980147,-0.7691129097930615,-0.6718352809950169,1.1450490632816428,-0.2115239754175668,0.15032025726276682,2.204979298485019,1.6797301956027937,-0.6459024788398652,-0.8310595184796519,-0.018102152671536836,2,0,attack
0.4756837775169343,0.5113181259170204,0.9082055553635533,2.0512020139980303,-0.9087266182619712,0.6246119881956098,-0.2253699321256688,-0.1491342194213548,-0.24975712623985047,-1.3192224484551298,0.15254846844761966,-1.690330292616398,3,0,normal
-0.540391799077515,0.9496703606907299,0.48983408058675554,-2.0352814531955317,-1.045719871371217,0.9743621081714844,0.30677452736058863,0.5966543653449767,-0.4051982794846917,-0.8382116347937869,-0.034662022628927626,1.6107438575427038,2,0,normal
2.4835467925792494,0.26741573864171597,-0.00640084587375174,0.6903720104747004,0.11993152768658395,-1.252125449637968,-0.618868707750257,-0.48876295266151404,0.24854585863694975,1.0698506496594014,-0.8710549015337096,0.314372125532887,2,2,normal
-1.4802523199288085,0.801567139284359,-0.04959130634474738,-0.283881234574311,-1.8033508616834635,1.2774230756221994,1.0901348353818554,-1.737747741979648,0.42558898821410396,-0.24402473029320687,1.5022184451646916,-0.4679587533757854,3,0,normal
-0.12302274946960473,-0.5504592396253075,1.1131331880545237,1.8015406485074614,0.3078942196507179,0.9019164439888058,-0.566855956017329,0.49641346170884515,1.4728137818662443,-0.9641167741423764,0.027395969013382926,0.8911367894188646,1,2,attack
-1.2600132713045231,1.391204539242386,-0.18481031730234784,1.192770660018941,0.5746084259239327,0.9087605935264933,0.7064902753789409,-1.5202744954795855,-0.38162992874278956,0.1921903911809252,1.1167939363119728,0.9757478918309206,0,1,normal
1.591117866440299,0.8487140972117937,-0.21165298824176848,0.02248300587530997,0.533897151041556,0.34156448170416615,-0.5737809756124665,-1.3338627902838966,1.2150390926174681,-2.062577256628184,-0.7004739903438066,-1.337460526948029,3,3,normal
1.1082445715889377,-0.33113109029029636,-0.31339732359740846,0.5103454160945862,1.7636456007395969,-0.14980189732262295,-1.950995926689043,0.4321099357768022,0.520464591828513,-1.1501697494996135,-0.14310570366271025,0.5179050177542691,2,1,normal
0.7708665859244092,-0.5741810195971587,-0.3845870969745664,0.6588125507932496,-0.7207840088198868,0.7467541864036761,-0.7306031176420671,-0.7028218044346491,0.11053029932289077,-0.6783316249869044,0.5616927186777398,0.21291987151974123,0,3,normal
2.1733415762682005,-1.7238255383823933,-0.09230171915104869,0.5643541485617493,0.4226500123877714,-1.6485983219897098,-1.1491069600024117,-0.2577761945659751,0.3252606367873502,0.46192483520364114,-0.2581706246343462,-1.255742055601447,0,2,normal
-0.7310952572865163,-0.39645245690209535,0.7002013208129692,0.8051814624950943,0.8974486783867965,-0.21688021824676043,-0.3099497730898595,0.756550779621062,-0.17239255328356912,-0.23714561665947942,1.1129516156962995,-0.843684782885729,2,2,normal
1.0788751580092322,-0.5220511950279554,-0.07165246223950289,1.0056740191202251,-1.548017938237984,0.6344751281416888,0.7101029833070026,0.43992072526158704,0.522095239434259,-0.9713450163343141,0.20017964995622664,0.628379203269305,0,0,normal
-0.4347752618319265,-1.6515202826489739,-0.6088180044872635,0.6800576328949495,-1.0015544048537641,-1.4558669944770943,-0.3055483252516841,-0.4791442539504876,-0.39475438800537455,-0.0027221468375108596,-0.2261828135737844,-0.5464029894728044,0,0,normal
1.177268226741789,1.272403295581572,-1.0555300416955264,1.0256574944916292,0.15849882983925995,-1.4105480122860052,-0.2673468847242157,0.10791220190317143,-0.7555114834189959,-0.047663356668619455,0.939129628267013,-0.3518038686863808,2,3,normal
0.37078993062947496,0.34198640396524005,-1.244397001306226,0.3828021556267779,-0.6641868848704475,-0.2186075203115357,0.10905533214437065,0.34745455752736765,0.6495575163485858,-0.47740373722498,-1.1065941197812788,-0.5918213310292438,2,0,normal
-1.1045373752383114,-0.12085049364181953,-0.5629312446413008,1.4857986793890738,0.8708122625058358,0.5591000644274423,-0.12250891821018445,-0.3170390741644579,0.7288095397065806,-1.4461367020036238,1.113843319657671,-0.7782339645982197,2,1,normal
-0.17780404802380131,0.06800794890969332,-1.300325615691771,0.6097896162135262,-0.6698532906740376,0.9371660512447655,0.8273121632816045,0.979629751241744,0.30294943991136597,0.28104089227527645,-2.3813875083119163,-0.2696902478498499,2,2,normal
-0.005131795058191179,-0.14310889319192494,-0.8181939026766146,0.9848988165569081,-0.3085984219464368,0.8075649188892923,-0.023812812626979235,-0.3034438499912349,0.633022109892564,-1.3187417805577448,0.9251306284710632,0.11880289583663757,0,1,normal
-0.9486852915461265,-0.24159904616751393,1.1402367065930854,-1.377228558985561,-0.021584849439250296,1.1360159647060362,0.2917384786041869,1.0881353680158163,-0.07965497680499367,-0.3330658025494177,-0.726547398512588,0.1939130381262957,3,3,normal
0.6921553150053159,0.7375908414622484,0.04874153769783939,-0.9155467800828364,0.37466769416544626,-1.5260671501502598,0.08498992543906335,-0.6954637343935866,0.41794848216824176,-0.10105098641507514,-0.741688640993853,-0.28135349308331425,1,1,normal
-1.357253186396816,3.115812476244734,2.4348417816349848,0.45074941303592153,-0.17156721087499527,-0.7039201587127442,1.2032753681119805,0.4095382363454593,0.7269763002208308,-0.08757756148095011,-0.0721121453010601,1.0219544640097538,0,1,attack
-0.8610460471254883,-2.0445999742576078,2.174146357134745,0.39141881955068775,1.228078150152941,0.16124886038319902,-0.11129387992423641,-0.5328355132702474,-0.7177447467187895,-1.5141589820666421,0.7995664627876624,-1.2029427813369484,0,3,normal
1.0492395081963688,-0.027704201703651468,-1.3603864966410355,-0.3964446718148488,-0.26902722716996014,-0.41712074390758824,0.7402078406861355,-0.5684229887193811,-0.9126507067249737,-0.4371894704549193,0.5128163970641344,0.7829570442767455,3,1,normal
0.3653782320651162,-0.4720567537691967,1.289665429772655,-0.13909001337108637,-1.2020234939981884,0.26969303418022567,1.044698796902736,1.5303774224726157,0.3051731919592871,2.1949464965230763,-0.26770420769170794,2.5963523347574826,1,1,attack
0.39860655298614217,-0.3921554773547439,-2.2557801755928604,0.8519498969952448,-0.8164830546634666,-0.9284456262825452,3.1628882397099765,-1.1371094775795776,-1.085330734498941,-0.1254835490470015,1.5587623501728909,-0.20693460485924808,2,1,normal
-1.246814454251265,0.5251705272253459,-0.5521885624578752,0.3353224844825585,0.10157966612317768,0.0976645047613815,-0.3692307279802459,0.5294670208038033,-0.5335185916778893,-0.986896174947013,1.1645508316087867,-1.5270902038444927,2,3,normal
-1.3611998826456821,-0.1913405521964814,-0.04052403555011539,0.6788388393266271,-1.5675358223170162,-0.7415986012253128,0.18958906481396157,-1.0145302591572871,0.7344096624919662,-1.5710428203003823,-0.11140473026929659,0.6413341107430712,0,0,normal
0.68170563356988,-1.1898744973009714,-1.4536461261376146,-0.759764138984944,-0.22483533030550676,2.535790187570805,-0.5137918243460122,-0.09820768732745824,-0.09195077359433562,0.9899643502670183,0.4731682736921181,-0.03725428939510711,3,1,normal
0.263806318090473,-2.077130209129944,-1.8843752525810848,1.1312959507738256,1.0850456152369654,0.13496074874592898,-0.33823834016196475,-0.543064186648728,-2.4121414469377056,-0.7933610524563643,0.008499284370222673,1.666322954099883,0,0,normal
-0.4524014565315428,0.4391948444723043,0.2341447254880267,0.704003852042257,-0.33993625696761515,1.9499793021550904,-1.6887222848737415,1.5367780020900366,1.5384957623979691,-0.2668850104095226,0.3565033177567506,-0.9831449247732101,3,0,normal
0.5810231436425102,-0.689845910967098,0.7713189472605402,-1.1322640557287178,-1.518974535615908,0.5010182981766871,0.7704933700386665,0.9152232341233212,0.27457188422367723,0.2988622211049314,0.029480845253353538,0.11765806337137664,1,0,normal
0.008446432429847849,-0.13643839534319957,0.39498902367159733,-0.10598132466538245,1.181549532610756,-0.17978843714538642,-1.3434936750815505,-0.8899644353370032,-1.9161849759174674,0.9674469733284622,-1.0413819568712246,-2.117764149788446,0,1,normal
-1.1954887188252674,0.9364482408798765,-1.5572512944171955,0.28000420001578735,-0.4162459029259181,-0.15554866775141835,-0.31061811326635375,1.5159020411994355,-1.0114661214034613,-0.7520991004689997,1.1268660704003988,0.2668377124914625,2,3,normal
-0.589207184410105,-0.4152299930991718,-0.5016244764255949,-1.189442505798941,-0.6917182900571845,-0.30101412827953655,0.045663875778881105,-0.6914478185524988,1.3482938087495993,0.4833197024340525,0.1583155721954226,-1.3489121664721835,2,1,normal
0.5436344921675302,-0.447532252952986,-0.29070574026097845,-0.3659885569934893,-0.6234696971969054,1.511353247837878,-0.48652399907342925,1.6246354517656374,-0.01555134483430728,-0.5441980986529882,0.3511206682891439,-1.0194602469104668,3,0,normal
0.6571593709941852,-1.0623400715968316,-0.037755808914067615,0.3595413321092027,0.7925976560104075,1.0920194429863495,0.16621035721366675,0.3699753712924913,-0.26312075697807313,0.5040225288040229,0.6364018069502773,-1.1805099703586146,3,2,normal
-0.42491041469457225,0.17073958969432032,-0.8570357231808545,0.5413093848583825,-1.773099144884712,0.4371823582058359,-1.0562314255484921,-0.4152502894535877,0.4130290849973365,0.454585153780405,1.154007541784673,0.36285809820647513,0,3,normal
-0.4795048017432698,-2.2305822200200107,-0.4909870363513749,0.1617862796312016,-1.219921924047486,0.07182450612612357,-0.3805952748591086,1.5991907987378073,-0.848989002596863,-1.205354474077673,0.7013502682027626,0.5103442388440805,2,1,normal
-1.1175569136224992,2.6531796051428036,-0.7006543191784531,-0.5849638085834745,0.6300466447116017,0.5540353009150532,-0.16686945180477455,1.1742589996180155,-0.12949945428617332,-0.2683570331497503,-0.062045985467185476,-1.0061344989004235,3,1,normal
0.37604464578292246,0.6306145900341863,-1.4479250253471643,2.182795632840841,0.5500711355992982,-2.032443916561322,2.221451584750295,0.35944518863389974,0.8073847501446503,1.6994064834668423,2.4041268235020867,0.08553191789100403,3,2,attack
-0.05055820809577231,-2.022117137316406,0.24715608460604535,-1.5857642778876648,-3.119633709643792,0.9463740021956548,-0.3865045367435047,0.6080064835527927,0.5555472451170859,0.9984290086971208,0.41773603675101506,-2.73732934858819,0,3,normal
-0.7190175123478109,0.48045775560134457,0.7089959878393163,0.07826977266453292,-0.6602351410618,0.40689755960261187,-0.37808156377902463,1.817836405467616,-1.6750018954474646,-1.2236836178249404,0.014451597111582008,-0.47543776602554627,0,2,normal
-0.699984959231082,2.0394956423501442,1.351181610390726,0.5423101968965385,0.6635334827997103,-0.21647287972529533,0.2622519086676324,1.7032454159148827,0.42414465036114324,0.5771791898847338,0.9444551843526284,-1.135714979379077,3,2,attack
-0.5918193458274205,-1.0316699053755203,-0.41027627817507856,-1.0609444639497512,-0.9477623991024634,0.13115472028639696,-1.0791261511464527,0.5436478643147705,-0.48842895136497516,-1.9755145354420092,0.5874967660851242,0.5240502219765916,2,0,normal
-0.16995633023805,-0.2423309989849986,-1.0229233204152552,-1.4312625550090985,-0.6534883515561621,1.4837726137230114,-1.1790194219383408,-1.6832893109643452,-0.9596719987603464,-1.909170744858011,1.0023044357020017,0.35285796613166204,1,2,normal
0.7909490656403702,1.1605606491511424,2.1295228031674167,-0.12142017843139367,-1.297733949158217,0.3315860594994336,1.6177666108871667,1.0805712546263107,0.31031729343893333,-1.1355610217052157,1.9232793228591594,0.6369445328197028,3,3,attack
-0.6440013231482399,0.24222536086202615,-0.2900383701269888,-0.49818276453466154,0.8880583777422436,1.4281461293631312,0.20872029330997088,-1.1838895830908869,0.13539496970895232,-0.46966437576847625,-0.31541982043826655,1.0853388123905001,2,1,normal
-0.1909170424387029,-0.0690951146233338,1.111152063934663,-0.6514295857665896,-1.5327115570425094,1.9034860393558426,-0.43963916859002805,-0.08623136771329562,0.7367678299913972,-1.0664924479883648,-0.09858697527480637,-0.44941033485759596,0,0,normal
-1.4677129955297676,-1.1325171288079017,-0.07496391795999197,-0.03282279536087337,-1.6792646714844224,2.0126312888948252,0.44176566309242143,-1.8570716474750284,0.3928353827052135,-0.2628829326967713,0.2217778160913865,0.6305328153917675,0,2,normal
0.40355853507434913,1.387272082504444,-0.1801153780129849,0.265147474086677,-1.3444845771237104,-0.6585676335407646,-0.1891675339367477,-0.3951518120354656,-0.2959548900940071,0.7677536984857519,-1.547369394389081,1.5372194942703965,0,1,normal
1.1456500132107206,-0.5547329256060107,-1.7732585299037764,-0.6753052018845569,-0.5534150881314961,-0.7832370403578319,0.7011996880433297,-0.9199642502037002,1.537166421966771,-0.49682277946285297,-0.3058667268201811,0.04940828645566177,0,1,normal
-0.8298109670816995,0.4694796781042733,0.728121681194587,0.07764349660885211,0.7027536995903697,-1.3490164085334533,0.2659103167006609,-0.3477200697506266,-1.6217092945628213,-0.688621581371371,-0.08735831883102434,-0.4618807466234707,1,1,normal
-0.11782717907450203,-0.3080057378767766,2.2320341835979813,1.554464312234209,1.1838557861066141,-1.1900732627091124,0.6535634789721994,1.7692064202391993,-2.1368083397957545,-0.7354368979060106,0.5124048275195494,-0.1470530062795489,0,3,attack
-0.610954865426515,-0.6438471854000826,-0.7358246756852105,-1.3039356818811076,1.7203494934970283,-0.9955499557348334,-0.691419997700697,0.241538803007477,-0.11198196960047647,-0.5092543086264618,-0.0853595177243175,0.057894892068188375,0,1,normal
0.9306981389381612,0.03146573927774034,0.023978903097947316,1.4841231461147377,0.507522089911982,0.47423464184886277,-0.7062224225697908,0.9780145723212822,0.13539665676050464,0.6318183141152226,-0.6298106767907562,1.3278286565593123,1,0,attack
-0.0013085341760462942,0.28523152458563855,-1.481987992510394,-0.4485060167465806,1.0294265090112948,0.3446826355409138,0.7017392725395492,0.4097950195324526,0.2865240384818017,1.35966558069509,0.24428314312309046,-1.6475652392414624,3,1,normal
0.14474520508957475,0.08483271133405301,-0.5284808933748237,0.4516433722102014,1.8990279803381918,-0.14563172767739302,-0.5320581888892056,-1.3788826058454058,-1.103184787331432,-0.8057026129824673,-0.5317444146930173,-0.5156491501953677,1,3,normal
-0.28540548627354806,0.5050477943952985,-1.6005009125841023,0.6749943528176484,-0.4701677538934949,-0.119763718319338,-1.9334547918978882,1.8576749040367786,-0.740584827995109,0.8190702773679578,-0.1955082491058219,0.3588503487061486,0,3,normal
-0.15954214822825136,0.9191222648547934,1.5383569329940063,0.056744570964529374,0.8162688943476206,-2.070149550970053,0.397572763539107,-1.0059351382182555,-1.8562592327547303,-0.6909248865212461,-0.6656588076343262,-0.11551792219143865,2,3,normal
-2.062826968318426,1.0204708912495841,0.17862197707947974,-0.044216237353332855,-0.6354992608331399,1.4072038479190005,-2.050979319561807,-1.8127892843809814,-0.04207201541314194,-0.03688955399192164,0.41103261411280045,-0.10747171076722714,3,3,normal
0.42170024499725883,0.0999918798357373,1.287685450954928,-1.5078245081790675,0.2961121609041452,-1.449731100595233,1.8549502746485385,2.0081288078070814,0.10162813699511947,0.6245373652332293,1.0894855511812152,1.3555522621926375,1,2,normal
1.4249625489144142,-0.7911451559027944,-0.3514950294041085,-0.8332520929968693,-0.5265952900762776,-1.48851512122123,-0.6010534095624197,1.036347511058642,-1.0485023215329026,1.6659414554053376,0.27754525844624306,0.14735705850517966,0,1,normal
-1.1023997602665718,0.9039622506622156,-1.1117137154464007,-0.9985259316032042,1.3938190113072653,1.1167459821423078,0.5503691617576819,1.4670847645715432,0.17458842739862132,-0.3012510860356069,-0.17715152531735917,-1.2162279537961413,2,0,normal
1.5648712212072031,0.6724698344577251,-1.8243702799077017,-1.024615920144257,0.8778384985513267,0.6821229161429897,0.9092313897627747,0.9313789774039638,-1.0713089740665298,-0.8039914190799962,1.583356761718608,-0.1982893259125081,1,1,attack
-1.8622538962020834,0.4222967389574797,-0.43501540870249983,-0.06219379352469426,-0.7023593481538132,-0.5427750136691254,-0.8002439495181215,0.2010461391641375,0.2634634440630949,2.4083780261008414,1.8071466537818426,0.2353586384052349,0,2,normal
-0.3009957858167653,1.3457590163307223,0.2808281218810721,1.2562482795957364,1.5364135081579358,0.6319035055914909,-0.08917620118758027,0.017290649947054194,1.390105594738307,0.2748792810624214,-0.08981039822588252,-0.24268520175141053,2,3,normal
-1.4364814365227492,0.11844519312426023,0.3836284069920072,-0.9673685756795918,1.1535909069208048,1.2636414202520474,-0.3538006272941434,-1.45807383223226,1.5782588468118923,-1.5227304097759724,-1.0567527842651674,0.9880355912095965,3,3,normal
-1.8885564390056386,-0.23191687673055927,0.6918230398972127,-0.8501427491080693,0.901510552508815,0.1440110758011814,0.011671258080954096,-2.2937953930529646,1.5021237791940034,0.38942979222587665,0.7797465256920445,1.078866276716847,3,3,normal
0.2864774237697608,0.8200282399637767,-0.32425288621618453,0.39110432254074917,-0.9283284916254669,-1.193481968289436,-1.2209041590412946,-1.4589823775151611,0.1832879218351938,-0.7058698307531946,-0.5987648471783819,-1.0907255817540968,1,2,normal
-0.7131681499735743,0.01621755011238439,-1.2702564444180398,1.854231421453079,0.7836234771107067,0.957459714054314,-1.5179645301203217,-0.2721534852356159,-1.1621150623980752,1.60846971419977,-0.7240798555192168,-0.5069934332438134,3,3,normal
0.5099238039981712,1.0187265409995288,-0.6921442961542581,-0.6587653757583731,-0.877768769298741,0.5629951828746645,0.15547933110291823,-1.422354664488883,0.9489929582231348,1.0666030187696778,1.164499142456094,0.7625587599211745,3,0,normal
-0.44548282596306443,0.4207727287844703,-1.7759527584443258,0.9131209309989999,-0.9735328292016513,-0.1015349700229588,0.8192256915902013,1.6220214354899005,-0.46093982861969035,-1.726304804777436,1.0856851349441812,0.0850195223310396,1,3,normal
-0.140340600614783,-1.6477173502924605,-2.1290087715153945,-0.5017251515838839,0.3029061022778171,-1.1249332693248109,-2.8191549644434657,-0.3179853632453081,-1.2119941813655277,0.8272362295518995,0.827512775708964,0.026384904429302365,3,2,normal
-0.46721100344178546,0.17249792134817085,0.40379042321936165,0.002288580680963338,0.27710470926009495,-0.12961377535240715,0.2220570205604982,0.2693686953666907,-0.12649999388163216,0.5721939069462944,-0.294223689021766,0.9409461686219084,1,3,normal
-0.2521547501356757,-0.5014708664585439,-0.7182443180234099,-1.112982787305003,-0.016592599837336724,0.24367269188753993,-0.19546565514772524,0.4867175719046122,0.867782438022351,0.3151195321955199,1.373905613682378,-0.5925967586994011,0,0,normal
-0.3500259015420927,-0.6280881460264042,0.9144453793678541,-1.4697612753433034,0.9879429168856536,0.4174896568524024,-0.7865146667968216,-0.5894798183186865,-1.18102623565048,0.08196571588916707,-0.6260209736844227,-0.266099103013915,1,1,normal
-2.9100424550292088,1.78077340415722,2.213098036277711,-1.5788661449078383,-0.10532930716543452,-0.49796795202764293,-1.1124354618981909,-0.6174474200286054,-0.8659302164184067,2.1452652080878196,0.5681792237162543,-1.0919673773609553,0,0,normal
2.114669989313255,-1.7550351383074745,0.834147212160132,-0.2965612005875703,0.9239003456316829,0.21475622467163136,0.16504658787063725,0.44448746106707654,-0.7306141305389304,0.9969151722102481,0.6011031813661042,1.6145241703061937,3,2,attack
1.3688912634832433,0.5627377495964139,0.37182106318561214,-0.41718471168167404,1.4202897369112322,1.4559238120281064,0.23339725970726694,-0.5708075862701256,-0.6454378738600933,-0.6713586738795803,1.4207819141865827,-0.8593899549327825,2,1,normal
-0.7189896932165672,0.2418608202714043,1.5329061393964858,0.23875812842155356,-0.21195043400799352,1.4602786716695193,0.25659866877705223,0.5606675578686662,-0.6597369034461258,1.5674043349088054,0.1811176732213494,-0.18306516742022147,2,1,normal
1.2004653951444784,-0.823566400476372,0.20095432266257865,-1.334404272019685,1.2827682892685366,-0.3602902608526295,0.17221446463135018,-2.014038453733331,1.1854713882820334,1.0951452369807417,-0.36612596450822976,-0.34427667681812935,3,2,normal
1.5745888531739325,-0.5813268888012227,-0.11677423449546094,0.13951030070576598,-0.5847050186125474,-0.225223762736367,0.6532437207582418,1.4499843739765215,-0.6508231530171212,-1.462027997427964,-0.07824313801442621,0.2532048766054431,1,0,normal
-1.303477010629314,2.7177516856957475,0.6586865672559554,0.2199718334925269,0.5898029571101655,-0.9062513407720401,-1.171644790541966,1.5824575236216052,-1.8305751973740048,1.9065176659164842,-0.7233585931375991,-2.635431209346348,2,2,normal
-1.4154877070426262,1.7777941182867036,-0.37613003770032455,-0.2845236073224242,-0.6780191033307252,0.33867819033409524,0.3620883637981498,-0.02394524935953144,-0.9854959851208194,-0.17682595762216602,0.24914361453376122,0.522605393874589,3,3,normal
-0.28294356171710733,1.0262851872964733,-1.044378957943541,0.1571070268823287,-0.7003459259159288,-1.3273925321493982,0.234822774791243,-0.5396359718061907,1.064158952807981,-0.5058887706954243,-0.3305278406595498,-1.330291514837507,2,3,normal
-1.1911719909021958,-1.3757397792969386,2.5071727420038155,-0.20558410309525693,0.582752214094004,-0.7785482762402529,0.15533230676741674,-0.4561792613695832,0.7045677867114624,0.37335734172372265,-0.6353993457726134,-1.311108666259524,3,2,normal
1.458452555721358,2.174721045459653,-1.3057730506993834,-0.9967812459311619,-1.990629523750102,0.3603457073781222,1.0514279131799085,0.9571606714646214,0.9476491377179342,0.2329234374052566,-0.1569488535470995,-0.22208517561261953,0,2,normal
0.013214652439316878,0.7889661371693981,0.5915665491961414,0.7429809872256655,-0.7266990918297055,1.2970829947731675,0.13939751113911925,-0.2612553224768672,0.5964580198763215,0.7952200426897726,-0.3384527746149565,-0.1654270871476643,2,3,attack
-0.9007783905943968,-0.5079740481107895,1.5677400954912049,-0.8014268056924961,0.7566223564741598,-0.26577462270128244,-0.634927266876375,-0.03799617382320574,-0.5758383399736752,0.31537204779887806,-0.4037190666528413,2.0657916806701055,3,1,normal
-0.5589678694762212,0.31636003643911387,-0.010765094784423538,1.470372320828919,-0.11236218274602595,-0.6525072430362923,-0.851038731684231,1.263098564660745,-0.022153185381984783,1.0773568064806833,1.1750128029279583,-0.305912168666174,0,1,normal
-0.14046270546934353,1.3720570432210477,-0.8505141587465831,-1.0188776721961794,-0.1680487097481453,0.24047611367660943,-0.5168177965315921,0.1032287343259974,0.9063956619350102,0.9698790433917015,-0.4967266957156606,0.26876398938819135,0,0,normal
0.35175707209890467,0.35068752186085295,1.3961394373257674,-0.7659486999730032,-1.9149801567214928,-1.2052441688450521,1.1331581614149264,-1.2466260658655388,0.3439885869719195,0.8458662782057422,0.3718388751742395,-0.2831735206710748,2,1,normal
-0.5026499753262681,-0.8267429355429837,-0.43175822261112634,0.9471250973915345,1.6847781729337754,0.9920417721200143,-0.025378077926611755,-1.1718786347166374,1.807792757026902,0.7209561656404648,2.633411884236623,0.16429495146193854,0,0,normal
-0.7950311737334228,0.1463577645697632,-1.1751239646273528,-2.6541158497328396,0.3075758865479939,-0.6743395216137429,1.0280130125680447,-0.9534941390746816,-1.4745698577320143,1.3371474068234264,1.759829428327306,-0.9859120206980527,0,0,normal
-0.06627660996128461,0.5432567657070424,-0.7851159609807757,0.8508588437249995,0.1849553429853209,-0.2890246439741404,-0.11420529358565253,2.160631642621863,-0.9183155516344385,-1.5663189938714581,-1.8087917108343976,0.24165143974595052,1,2,normal
1.5031101258738386,-0.5190550943391923,-0.7814795192868541,0.09312870201304067,0.7683274174179514,0.5548355257472379,1.4543085684112862,0.37763742701432035,0.48358356590615653,1.5743047741284173,0.06610121291088979,-1.7351445335615914,1,0,attack
0.4668297895029219,0.4975142006338977,1.145457055463137,-0.8094338314604074,-0.6415351432844282,-0.5128805452175975,-0.21004078971814658,-0.359501024231087,-0.47979205984347123,0.014608177323821045,1.2182385735273382,-1.1947627211919842,0,1,normal
-1.843314963373862,0.3021130141601856,-1.8862230576541945,0.15284152316347258,0.3131394104024824,-0.08482173470828161,0.6050241655617998,-0.31839153444579865,-0.8330820777856299,0.018250696761522224,1.3368949565601511,2.0277955589246055,1,0,normal
0.5138189536886765,0.2061223268869671,0.24900708031936286,-1.542129571839626,0.353083515177509,-0.6902350772024959,0.006529620451567101,0.5295694121853554,-1.1875233436568555,1.1408259406209456,0.2818671312981535,-1.1247862945228764,2,3,normal
0.24070378233823847,1.18571788125124,-0.3781877988677818,2.6176710863576838,-0.3449495499345731,0.31107710760744306,-1.15583822617003,0.808938857768898,0.4375617748741681,-2.2428555531874976,-0.4063757905823673,1.084111668791509,2,3,normal
0.9666803017113078,-2.0025785865160985,-1.282758890831859,-0.31720400199618337,1.1110588853662957,-0.5104334649983849,-0.2605221726386416,-1.93970522610814,-1.1301987561915878,0.6239464569385429,1.1921221028087694,-0.05379617432002748,1,2,normal
-1.178523143704915,0.6040857850443118,1.0808909654203143,0.6323744158171496,-1.3390520735928,0.30198423132739804,1.5449371577199322,-0.01714067594488215,1.3328844061737557,0.08482255442656558,-0.3084812854895354,-1.8236600234582143,0,1,normal
0.8190033264922059,-2.628490658740411,-0.09298982368853999,0.008782480852271497,-0.9836040631853522,0.0017689962517008567,-0.26793490234942374,-0.10332451017129764,-1.5358309534072918,0.11564571606196303,0.37042688268405466,0.06840128884725576,2,0,normal
0.5922339897252633,-1.992042578440578,0.7692578154995506,-0.6329475973220922,0.015911626107623148,-1.0730153140390875,-0.7614285929439947,-0.8966433371826489,-0.7049931369848349,2.050973223468381,2.5839993437444377,0.9214451093755556,1,3,normal
-0.04207377138148456,0.5975387397122861,0.8053689670389026,0.9233818738717278,0.8382032029290151,-0.3659649435908638,0.08928681791507971,-1.5709477769367608,-0.3478205338981243,-0.2670808422348625,-1.0021942869452043,2.5597317055189945,2,1,normal
-0.5965039482490513,-0.7699669680087086,-0.9701499606364671,-0.49870198609682576,-0.6649873045523723,0.7290515759199659,0.2221124646916061,-0.3350989085168482,-0.2818280750736656,0.21059817651614882,-0.5712972254191422,-0.7966981075247401,1,3,normal
-0.8733007254712114,0.11081970531476674,-0.7348383316039933,1.4336385928118458,1.5996855127363583,-0.8284578417855816,-0.5951578586608065,0.5874111155757393,-1.1695698856080667,2.1656978519985626,1.5844194751001057,-0.42379553815878485,0,3,normal
-0.38049743702706773,0.12567647860153391,0.8225013152123136,2.286400753183375,0.9700882134835178,-0.037889802375604256,-0.6040633694178629,0.5425782412338306,0.32796150607089714,-1.2291114874301634,0.801789112085341,-0.8135327633094712,0,3,normal
-0.028518180040213795,0.14678372849035382,-0.022173639138646,-0.9839760873536103,0.13725433556016206,-0.8069055981123582,-0.1364365693016141,-1.3419006570839336,0.8388570162255665,-1.6167457140220718,-2.6567634035259,0.40745335466701516,2,3,normal
-0.8975011131306384,1.7256857297916435,0.16363245350453248,0.017696549891233867,-1.3648833043473676,0.5212316696951628,2.65944385974851,-0.2250125895855181,-0.3534661128639493,-0.3932500824450009,0.7660292623349388,-0.3364434093573956,2,1,normal
0.9699453440944089,-0.16515190364996363,-1.2462289514111975,0.25648301854425526,0.602436221337449,0.013836933742036692,0.4735419214841424,-0.19474907327974383,0.7763671888228146,-1.3706582456970684,-0.46701703372920617,-1.5939558621847196,2,1,normal
0.1929816470197476,0.4101715031409058,-0.9253032708204805,0.19428085352408336,-0.22290950064134502,-0.12351975753504012,0.12666946931151984,0.35560020759891325,-1.0476012815716196,0.11320153885678347,-0.6483872850079513,-0.1433835561425572,1,1,normal
-0.3148387447281178,0.37014697006532976,-1.0290638433441963,0.3120218715359605,-1.1648632024526675,-0.9754704089814444,-0.676997207659128,-1.3349536765528727,1.227333175672653,0.1908749284516153,0.9130764952729695,-0.5251299666132015,1,1,normal
0.527611435047494,-0.07352036151179325,-1.1267362895435462,1.842692123728002,-0.5487195748461857,0.16858925239064648,0.5667068476704117,0.7325926012824029,0.8105009470973927,-0.0043105823953675055,-1.0905288958889434,0.22972183240187397,0,2,normal
0.8081661413449169,2.3836923346239507,0.3431769404096474,-0.481311451228911,-0.07997826983120321,1.6093831379746433,-1.0319354698837517,0.8337141031339441,-0.5654471173888219,0.18134877474302358,2.6927278659299008,1.3182746801547798,2,0,attack
-0.32504458547851095,-1.5366871279533885,1.4705944803222852,0.33899332959309253,-1.3958446978446784,0.24488493139656506,-0.03870086519827606,-0.6790046620063495,-0.7301936193164297,0.13216080377981787,-1.4281125761639328,-0.19091316525680244,2,1,normal
-1.0731688756722961,-0.28341905021251534,1.7883089159866317,-1.7999671329885905,0.6082676063889345,-0.26541604335700353,1.8555057366116992,-0.9539716272016456,0.1853273879679573,2.4152140329039207,0.2050160568306719,0.12306731088102309,3,1,normal
-0.9414714659299849,-1.2269963638962207,-0.682073858318482,-0.5463583059626368,1.1931197651478946,1.0188660719491516,0.9423343293960844,-0.2724947395038465,-0.6947656285324533,0.39984526919934865,-0.17504875423436922,-0.3471731555115125,0,1,normal
-1.5015950926622423,0.707164256321004,0.7151419224107463,0.8296705686561441,-0.8790667487999709,-1.1659913128455095,-0.028024640789630795,-0.8827915604654669,-1.5965160016882252,-1.0171752836802903,0.14138200350955574,0.6122940866832425,2,3,normal
0.5220802897834153,0.7107110543279104,0.4216886978978812,-1.2524535839810051,0.4382966923683696,0.3734552360456851,0.13169020121421213,-0.2586315022053504,0.4293125940274965,0.8871161858459136,1.7968997560859636,3.0145044033494024,2,2,attack
0.2645570819739668,0.7710351756855669,-0.49151152039471996,-0.18696299809784403,1.1981114640955572,-0.90669018129713,0.33155858842456964,-1.1127332274471258,0.8976419259169007,0.27766637348722095,1.0154416246847184,0.1997263146406051,1,0,attack
2.2350423107052517,-0.39325465812377397,1.0708596061135118,1.3004626461742865,0.32553123245553833,-0.5943938128948144,-2.0003899744831197,0.4697660996495447,-1.007120806851084,-1.6629056244512068,-0.05638709659761527,0.8607073215024151,2,2,normal
1.796326457356849,-1.3488164601277528,-0.20010306344219053,1.4658803874219513,-0.16060997032499819,0.06062993723297469,-0.5865002926116586,0.4502680841545118,-1.0510564925265835,-1.023624859911873,-0.35393399344031984,0.7149795255973868,3,1,normal
-0.2692491013705861,-0.15106665854845133,0.333824977002784,-0.8830683305048233,-1.2393111828690566,0.27952025312643136,1.397866007445321,0.3018189192834843,0.46726721429060464,-0.5393565167085064,0.7517951083755984,0.6676746370457858,3,1,normal
0.2867863921163443,-0.8659169204210221,0.6072398329205819,0.25640205377120023,-1.2257201527361892,-0.14033339056051924,-0.06844123887430476,1.5864692631124484,2.041611783567662,-1.4000575481952908,0.14240980457832225,-1.1749087976853902,2,2,normal
-1.1917063280530173,-1.2307773657502004,-0.9047013718562331,1.200451395715341,-0.28132686128154033,-1.653822298350233,-1.1918232808709117,0.2553436378691951,-0.20750710940867018,1.095888739676148,0.45138054588249327,0.5443246956781396,0,2,normal
-1.0712508651842163,-0.14584653278857562,1.5835213684338263,-0.1001912762604034,0.07803935109944814,0.983518860821607,-1.4356745082936782,-1.5039047524202107,1.8023532858405735,1.157001593844136,0.13762610027238917,1.4151125484179572,3,2,normal
0.017569802275126774,0.7105288586923804,-1.6242701040138294,-1.720877958980894,0.46043909491548035,-1.0888423388962223,-0.38784365414400096,-1.292770393718159,0.48627749400040876,-0.8664471910382944,1.1328740868835963,-1.511519514354718,1,3,normal
1.00695620743523,-0.705183254573884,0.9508678162088062,-0.5146631276656193,-0.40479224675013725,0.8509319740746729,-1.22940194243064,0.8677486700477391,-0.23912059119530008,-1.2616464669233476,-0.8991850794068855,-1.5303106077818844,2,1,normal
-1.0123976908328245,-0.6821227994172273,-0.14989293675702287,-0.9214596434765381,-2.2795821092976922,0.00922547851173673,1.076090244928008,-1.0844051269125956,0.24293061935055715,0.20018919539378158,1.7621328934202432,1.9218419527783723,3,1,normal
-0.4864641281516445,0.6201286826082224,-0.35805679130667284,0.2488744591228765,1.1628514335178146,-1.5036484427874177,1.1001853989573671,1.0510599709002717,-0.1639214570541392,0.2995282047097857,2.1843379293462606,-0.6233557005053032,2,0,normal
0.18623909655104712,-2.4146672180721676,-0.37515097994688223,0.7526065775069691,-0.6395895871729687,-0.9943979682785633,-1.8634740951297752,-1.0792660838878212,-0.16274946226662515,-0.27066908944751616,-0.7842748768334884,-1.4858190062030838,1,0,normal
-1.3933178706601912,-1.9403143850591595,0.2350555994055194,-0.5738938074201696,0.030787615965042644,0.21112449614732642,-1.6053671389524178,-0.2680571004891496,1.0502545951011513,0.09050392774460193,0.9753618518668611,0.19854587174169824,0,3,normal
-0.7002450122934851,0.1465126211251201,-0.5235280117680537,0.27896069653506844,0.9204958231045702,-1.1801960612216746,0.7109265165952177,-2.1673084487020056,1.3637724552070918,-0.9104920360647866,-0.9514449168891,0.6455544291488521,0,1,normal
0.48711105395418075,0.4071915312232499,0.2733448775168817,-1.7717593548885981,-0.7288389055152088,0.7968122974039002,-0.9671970011263351,0.7681857811436131,-0.7212262469497996,-0.6526115029952144,-0.4448749601097832,0.19997852086412768,2,0,normal
0.6761700029962797,-0.17967415662598046,-0.25283258259167973,0.8319369124456821,2.058558478083882,-0.1085699584627392,0.6500222697192377,0.1409483370347275,0.3793990145103021,-0.8710609162097186,0.9713539658651982,0.7263716517922646,3,1,attack
0.7235117682376581,0.41797859921243397,-0.23002356291657924,-0.12709509279046974,1.475030557677558,-0.4990115958971478,-0.04523936995103069,-1.1722450939077658,-0.715263764024925,-0.4466334535367998,-0.03915151205897846,-0.3256816160066504,2,0,normal
-3.2005696903474052,0.4159241343539812,-1.8920183320963326,-0.3247833334708435,-0.3975698694702124,1.310791446478764,1.2849432551773339,0.14844935115519642,0.8442656324056862,-0.04593792355946008,0.7450986692946279,1.0378510641777505,1,0,normal
-0.15854854651390982,-1.2398109651010203,-4.030404248695601,1.3573478188232044,0.3236451310516138,-1.2228583408653009,-0.2853770581251366,0.9631261478224616,-0.5315558155789215,-0.6527668911844547,0.1618180967476824,-0.7278890188807462,1,1,normal
-0.8452094928609825,2.557908732596653,0.1928410903535692,-0.4845301024254125,-0.7701291254140695,-1.1514347212417322,-0.0051219207795159755,1.5695642376589058,-0.09819668279641625,0.16059768921442677,-1.0568882208789958,-0.3969457297122626,2,3,normal
-0.4325036424370872,-0.9837897428919391,-0.35812427466835345,1.9050701806797954,1.636763537368867,1.4674283144194542,-0.3741279151687869,0.5863367886479192,-1.410893021104329,1.8215820660693354,-0.5232371274269099,-0.5876307966756781,1,1,attack
1.0215875285694958,0.5048985597573159,0.8233495518628241,1.0806616113438126,-0.12226404847135053,-0.5527941173709734,-1.369803245198595,1.8801642136425285,1.679024263160624,-0.7334846355679422,2.900941945836678,-2.205487993234868,2,1,attack
0.9469854636734232,1.011492527105334,-0.7326325083441563,0.9537522943171869,0.8679114154400513,-0.35880628540587356,1.0637450644532542,-0.12645431003511756,1.1440557221583962,-0.9123287547777632,-0.662116628709665,0.6617457583464982,0,2,normal
0.8649443218982461,0.8860798553730367,-0.5356433728707114,0.3216022389666995,-0.7189746240074072,0.8282762247311282,0.15481577693611673,-0.6937739901887078,-0.3214285394559939,0.36823172359454875,-1.8932225826423745,-0.7095496020348431,0,3,normal
1.243181060588519,-2.10460441562883,0.3177109641889338,0.6983747380596349,-1.7742414741342079,-1.2159382845360445,-1.4742703547478742,-1.4522460342913392,-0.33974028109942395,-2.1189893698997944,0.5072763123811617,0.04768246349443633,2,3,normal
0.35265504705827694,-0.7796625166203627,-1.3030654900864729,0.1207731614655415,-0.3454923418572367,-0.08490657833572099,-1.35258034536801,-0.7454733354678925,-0.8624350566097702,-0.9027973583881048,-0.18307454757748037,-0.40115755062007313,1,1,normal
-0.05013933265964675,-0.2017624424905219,-0.292192883788156,0.8013077357183529,-0.009664201434853605,0.9759303570554897,0.12258243606077483,-0.37199283964999363,0.08974787010558556,0.246747590667378,-0.07125752190331582,-0.40244502340101285,3,2,normal
-0.6879842262936064,0.1424262596018243,-0.2752642691612259,2.6127640716420957,-0.29284327717065306,0.461300832174432,0.4494373339106933,1.362928185768374,-0.5229255947719623,0.07356384211185868,1.2641288251729534,-0.04329980517664414,2,0,attack
-0.6736813863023409,0.11532252922476821,0.04854244740830489,0.3514689376477428,-3.2103284742629588,0.06366995853290167,0.03467151813901287,0.7507221059232168,-0.2265209802756897,-0.8689551342752104,-0.1556986553458255,-1.232895648380757,1,0,normal
-2.0225241582470495,-0.3610317130435887,0.5732760291120595,0.30101752855098346,-0.9127256653647097,2.1963282124763497,0.3382822697859207,1.4887181781236325,0.6837118801839598,-0.09970005174225305,-0.3978874493695826,-0.6335780832663791,0,2,normal
-0.8078787086929741,-0.011203243536789234,-2.0033694063164433,0.05788674949483589,-0.9013244719195436,-0.8845074353246863,-1.5680665770795699,-0.33754077835960034,-0.507148132218936,0.15241119675712503,0.7106303570072278,-1.2773417864829895,3,2,normal
-0.7782496055009934,-1.2537113512688962,1.5544710418420538,-2.713240130456162,0.6974779698360791,0.17487565115227943,0.22606284211004185,0.07436615512564547,-0.21484092699090343,-1.089872340654335,1.3686415605085416,-1.3255158279624364,2,1,normal
-1.4389414428572085,0.3644818959281766,0.5967821715484632,-2.859897481023525,-0.49108544895152717,0.555248519255374,-1.554386550832452,0.4320193173017771,0.7670285483194641,1.5454598818179495,-1.391397572406111,0.3594038601599633,2,2,normal
-0.2875589957752273,1.316753305197364,0.7679999463502091,0.8218483602518281,-0.7103726305393403,1.2159745332294476,0.20221666548372602,-2.2026054043656536,-0.7506280755023743,0.7542044068805539,0.7347986713601335,0.16413797841795688,3,2,normal
-0.609166209252547,-0.24818005525414055,0.29292438824877653,0.7224632643413227,-0.3294421582296388,-0.9474292528860695,-0.6784661040778979,0.8676091959705164,-0.0665426434860654,-1.3781322490583203,-1.4795242559134818,0.4489608755937728,2,0,normal
-0.8960261598955167,-1.0563970178119122,0.00797607147098499,-1.3195552947104514,0.5126919997920976,0.5361330736809069,-0.7475330786586148,-0.3514509635804875,-0.3220766868160877,-0.18887978765262667,0.055242448892116755,0.15591804573331094,3,2,normal
-0.18756578890624898,0.03427472525356389,-0.10767424327213235,1.5609802241700863,-0.15398698255208446,0.9556671977987724,0.3616222368105163,-0.4001903928040488,0.5199297313632297,-0.2451841522508656,0.7473159655227778,-0.425091142243207,2,3,normal
0.028162004834619968,-0.6394283615247807,-1.0820830135738306,0.7291392264683415,-0.6187448560591573,0.8521907700621966,0.4424951266027739,0.5808617820794489,0.7351284404200208,2.6711239844153907,0.9445914323441782,-0.5568006159312165,2,2,normal
-0.9263429882465442,1.4050084003249206,-1.0965297779712913,-1.3271528133182837,-1.4955953414955463,2.095612781397252,1.5584192658333078,0.8532396065758928,1.645597803562866,-0.9688265818161927,0.9641749173187582,1.3510539022233583,0,2,attack
1.0464166268187767,1.3112019990708532,0.20889323363495613,0.9012106506372571,-0.4001141030804531,0.7604078304040833,-1.0025446684688433,-0.30340838999225284,1.0774778492826935,-0.8505023542581613,0.45598362077581533,0.7868625350651254,2,2,normal
0.9244442133793628,-1.044880474704124,4.406353522522504,0.37030967980412455,-0.749519411837106,-0.12714305936596804,-1.40914719245191,0.0382483921925648,-0.5943267480120659,-0.9041986791746666,1.0935891787115708,1.4991401485165463,0,0,attack
1.0470068672137325,-0.0036943997630872853,-0.28521988480623,0.13951343554969986,1.8644601675733259,1.009864856871933,-0.5723704207673699,-0.028268003187814125,0.212005550425199,-1.540601284242368,1.000722934451707,-1.7406522416728472,0,0,normal
-0.5032353599845372,-0.47238306316283385,0.24317686564107516,-0.7865215561853872,-0.33447928203316923,-2.1936818077217444,-1.1675982882009952,1.2534832431357175,2.115387638552511,-0.5671248225857592,-0.31204797455036437,0.6480948887880403,3,1,normal
0.17057277961735445,-0.29802263351221975,-0.9131414117443795,2.4504692705060385,0.044475418346373766,0.5900803810317563,-0.721449413433117,-0.5752385204708226,-0.6082846668005253,-0.6217751745563985,-0.2849934578986615,0.6153661756106004,3,3,normal
0.8219411638687647,-0.5857985492766271,0.35461368826215006,-1.3986834922200384,-1.4759039482257874,-0.7758644125877486,-1.5472192016055206,1.3773115771816589,0.9784808304278519,0.3979976377429315,1.1485915537925193,0.7720327618886929,1,0,normal
-2.38839153404173,0.05341620368941085,0.5879929158842543,-1.045008698635772,0.420568292703391,-0.009222691989356827,-0.9620180598278695,2.1476661295742994,0.18026721750258942,0.3019735091916339,-0.6852796868169235,0.6226986490034311,3,1,normal
0.5370085649660489,0.1637748209098891,-0.3312513275432014,-0.7656459986539709,-1.212263624318885,-0.26835586174988185,-1.5181374730979285,-0.7512254585889038,-0.7531148078168762,1.0599317866255482,-0.2504599323321951,-0.06972355613519308,2,1,normal
-0.08327734615692137,0.31783582395969345,-0.060324127218579326,0.26493683126418827,-0.8390453273637906,0.5239382486984506,0.9859154521451295,-1.2306980253350097,-1.5719717080268518,-0.4055680710514943,-0.03756713796325317,-0.359079922201545,3,1,normal
0.027612064913534778,1.8199231234903754,-0.5237216571833544,-2.2924577583523567,0.2928545093760272,0.2366344438880244,0.09522317631321628,1.5981733291084963,0.8886817035662293,-0.39683524220874433,-0.3418560664630086,-0.396920291289742,2,0,attack
0.5083272802235212,1.0868832641489499,-2.234941944374327,1.440106177030199,-1.0685141566858487,-0.5348418471072933,0.17738235797759744,-0.941199297034887,-0.26433780177134075,0.5176070725573939,0.8965975933776381,0.5397549261044348,2,2,normal
-0.25321112294280357,-0.15531681639171374,0.2313542081722674,0.722580776033248,0.03050824358056181,0.09426198364968806,-2.0226975195555594,1.0684712629966253,-0.6406709337690388,0.3856774716240296,-0.146862697395289,-1.694460966498305,2,1,normal
-1.0872400043903383,0.6582780118485307,-1.116247247835248,-0.3741713140454624,-0.027221132859424697,-0.010388229034085506,0.6112943204110951,-0.5647374258931666,-1.253665738941852,-0.12009739685199596,-0.6447897147705204,-0.9564692037297985,3,2,normal
-0.6687727416023356,-0.06881471352978977,-1.5214640153795105,1.1286916099667295,0.3331722488430103,0.844869668838971,1.89353140971573,0.9835396142370565,0.0032980735060056583,-0.7980698150259664,0.17060063456379065,0.6981164802426718,2,0,normal
-0.26200592760379876,-0.7449665440825316,1.585618411959588,1.0095774498031864,-0.8226842724931225,0.4721980204866779,0.47924507683029577,0.728129702113471,2.3047926627705753,-0.8641810239095189,-1.3716209766688665,-1.0950717948001092,2,3,normal
-0.4198321014109706,0.38554065356609946,-0.5406546881414873,0.7755814363562521,-1.7344532506941706,3.442861453616465,0.35617546992311155,-0.026673301830750788,1.0488665167791418,-0.6200541040338688,-0.8721590073310264,0.7866826870954996,1,1,normal
0.271841327412178,1.0080549263021945,0.7986123256145102,-2.399163943236975,-0.6543222188862363,1.5035908476594229,0.8510487966052542,-1.3578131333295176,0.011823393143460847,-0.3838695585792021,0.38155912743488335,1.403588432124606,0,1,normal
-0.7277664051937384,0.5936417383798914,1.1061389771805594,-1.388631665076274,-0.2018327789949004,-0.07727067554558467,0.8237616422436178,0.021022536706758122,0.2881042125744861,0.3768527966704905,1.5258823046447711,0.7240911851542449,2,0,normal
0.6809567414039556,0.1176578060844152,-0.1603232727732444,-0.9783815465721232,-1.4205941692320911,-1.3776219507098748,1.0261703572128955,-0.5907915746159458,-0.6361432822826427,-0.6999286493109581,-1.1824884863026623,0.6406622407363743,1,1,normal
0.8993597433993957,-0.09240444501805523,0.3826305974711254,1.2326144519417412,0.1627209784738098,0.7197534547907496,-0.4312723500803543,0.2556689349858434,0.6787961922711067,0.4409360351327362,-1.0631775620412984,-1.133054862753304,3,1,normal
0.3979485832985733,0.20574741536329919,0.45756565967950547,-1.0324690316937928,-1.178882629214834,-1.3864926590801172,0.20934507306803748,1.035386310578588,2.022484902745091,1.614245878769149,1.2744051074537048,0.9507919674387733,0,0,attack
0.7290532601506221,-0.3531078198342122,0.6470995546565163,-0.05821244769481081,-0.7201485386696084,-0.6699563708074172,-0.8341280752179657,0.5462839053222049,0.015762021199409993,-0.08262910990569243,2.368291265835424,1.247007353298772,3,2,attack
-1.2524395790971499,-0.15112910032363117,-1.1602700983535785,1.2624104414734578,-0.43022096323841313,-0.8005161412150713,1.6036944607575088,-0.9766345261290317,0.20733336064385624,1.7612813952278061,-0.9958087967362611,-1.2667233233711812,2,2,normal
2.493727407062758,-0.006886013880299247,1.2563865870224902,0.9038233443589898,0.2528980472068543,-0.6230063586079172,1.6665883826147376,-0.6867858723563006,1.109139408310402,-0.8644606265385464,1.246218659939348,0.3806844515849599,3,1,attack
0.40667851945196026,-0.02097566614652807,-1.1440008829617094,1.0803974053381202,0.4942099886246876,-0.0850187389992932,-0.5331557611220238,1.3814089756404009,-0.6920066808111027,-0.7314999149567007,-0.480381606167498,0.4001192839312248,0,3,normal
1.2443933176677089,0.7326119363956056,1.3323784294269265,-1.684903065742877,-0.16792011099949247,-1.531704526255077,1.292440924196815,-0.3017166140836642,0.6037894227618253,0.4623837357626271,0.03352755364280938,0.2942524133231366,1,2,normal
-1.0930798200766092,-0.1692621593624517,-0.2274117190322147,-1.3950182737789163,-0.4505216925322788,1.409038105448832,0.40875728777249776,0.33495835015385084,-0.35453341913293973,-0.3195966886966989,0.3332321930124177,-1.13224152051595,1,1,normal
0.19428816302212423,0.5660924783526275,0.12186834835020417,0.5380600535851771,1.0973122175419203,-1.043725576937527,-1.1392203106010217,0.005670096858569769,0.0028683368126699257,1.5603371224210099,0.18034374924794508,-0.31502179908013095,2,1,normal
1.358283725722966,-0.9159902831220487,-0.9012188944276502,0.019958431254607858,1.7435936439501436,0.17233097602973996,0.9785131502937912,-1.3027625441413788,1.1332032996187078,0.33912858890557057,0.900880315995544,1.2134541928057219,3,3,normal
1.0093876977627465,0.6416396005956791,-0.46150558281084936,-0.4298506424671412,0.840166051835018,-0.32858204499596244,0.7602953116232308,1.6033746222443226,-0.8235975723611322,0.5296803106837012,0.3188995522897825,1.5806298205635971,0,1,normal
-0.261233939792783,-0.4219516583357506,-1.1729743052147528,-0.9695687885914953,-0.2918939066499572,0.5892276206903105,1.0430730944394644,-0.8550483966920142,0.673900046498809,0.20363230676547345,1.1562551696932322,1.7154503059947106,3,1,normal
1.215548944938684,-0.15081056854794167,0.9939951762629128,0.9068634337705722,0.5501028046498391,0.06378233203559247,-0.158843411120727,-1.2262925502880628,0.28799728533930347,0.0617678509891612,0.22367784670890786,-1.0243972651244713,3,2,normal
0.5673639576405447,-1.0622872218815846,0.09772391922960859,-0.2431587658743508,0.03891313462889584,0.2820749855789394,-0.11057525049077471,-0.6933366903924804,-0.2848411743422455,0.1994069949101863,0.42376037894855784,0.3152348826628981,3,1,normal
1.5793544214048598,-0.4597879672297606,-0.3788374121926488,-1.2695089986203087,0.835981425119905,0.5168636721726101,0.18303391290534282,1.1574490393830337,0.059944624335593076,0.32356984029351965,0.4402573664856079,0.06310056130584497,3,3,attack
-1.186136855804886,-0.8779046092589,-0.0035491261014809067,-0.3580475923876439,-1.6143522049981491,-2.0765260386864743,-0.10539674242951608,-1.6865766796979464,0.528214973588366,0.3165719258079763,-0.7386946914827413,-0.06944206158042814,1,3,normal
0.3455784468268886,-0.6353894542572427,-0.14959529614951,-0.5037600844657856,0.5598265098976424,0.258697101387507,-0.17768921840426039,1.8034116648697487,-0.2930714824886586,1.0112960443411316,-0.33545852609179333,0.6746700092902247,3,1,normal
-1.7110140927957163,1.8479212708071782,0.19477435076159752,-0.3491974015089391,1.519996328968382,1.4748329261747666,-1.4648882372932919,0.8577150205996668,-0.3028370997602747,-0.02750599714451637,-0.6306163214514922,-0.56282511689613,0,1,normal
-1.0659137233385811,-0.0787467433461923,0.4191655750506833,0.4942834442835877,0.23834258865125788,0.06454711953192423,0.3362994987793024,-0.47997935388116286,0.3720825997144,1.2522968252355546,-0.3802978044642584,-1.0616056356742436,0,3,normal
0.049761513457795226,-0.572504648786664,0.5705856898414141,-0.736215963266626,-0.9821966694078913,-0.18280722646366407,-0.3143098828635164,1.8237986519892706,-1.6679418214897972,0.8004669573802695,1.3913698819086284,1.976915690292848,3,3,normal
-0.27160811668090823,-0.11200652499990756,0.1876328019364723,-0.24207631751328015,2.413148358546793,0.9936531229374438,1.0173104869887037,0.31751006981823454,0.4416035482507373,0.6637457036965683,1.3253629256239754,0.8533587223147797,2,3,attack
-0.6938968726699456,0.9613941533976377,-0.30176100247814114,0.3121193246490174,1.9523664281899908,-2.1566538920297953,0.5398936951990447,-1.6083804171813072,-0.4117591216615215,-0.17438381991017868,0.28710687352773695,0.11060715722298309,3,3,normal
0.7912729632817079,-0.16464627103981255,-0.8892596063856342,-0.7008333421855389,-0.02347998872467569,1.5990601186655922,-1.2280441217329592,0.14560132285435026,-0.6518652449160194,-1.0394794304832025,0.9103271593516657,0.1328726280282422,3,2,normal
0.35671119656649397,-0.7516685294414243,0.6519203566043099,1.1717072990367823,0.3173852830702216,0.711482237782052,0.06646640214478097,-0.4881997197406931,-0.5254865771273003,-0.4909177625640745,0.8385599066663189,-1.065835574083292,0,3,normal
0.30969350455042377,0.2732275492838293,-2.0662313629290314,1.1393469651457577,1.5036051995131479,1.0822406344608015,1.9482172970391398,2.317427618674575,0.15948039775773365,0.14184244615920236,1.7097677788121373,0.2687437631238816,1,1,attack
0.3397590284302462,0.8393522029629419,-1.3247002917219475,-1.1124777235587486,-0.03856123551212463,0.12037530748488055,0.10663689577585052,-0.1042407985093843,1.232530689869076,-1.1127525480151939,-1.0746160713104755,1.5572019604065397,0,2,normal
-1.370904881865972,-0.596625580041302,1.0433617068612504,-1.0735217322002069,-0.4942802381775142,0.2760240054791484,-0.22636675561667954,-0.6254828071606076,0.47736567449924516,-0.9950211443821821,1.324423617438367,-0.9789856477334112,3,2,normal
-2.4080385162640794,-0.4848860785345699,0.7307704312796879,0.8798760650975419,-0.9104031529197555,0.3719106813305753,-0.3693587614271196,-0.23784513337389407,-0.1387892736558306,0.39500549240954363,0.5721132812500456,0.39689329542717094,0,0,normal
0.45248877730778164,0.555308647616777,0.6592436673544353,1.9949951221864393,-1.6368780671252543,1.2207911987094409,-1.5871345759913544,0.8150115274264729,0.3875144973148008,-0.057572019581038414,0.21381839372154787,0.26439796027478796,1,0,attack
0.522372524484804,0.8264875081077229,0.9985277485724863,1.6804206540550095,0.4976479257432642,1.5433957790959159,-0.1963018514474815,-0.0399673652283604,-0.3155319615500748,-0.9323895822191366,1.1663204620228125,2.192464483316262,1,0,attack
-0.8269953030028183,-0.41416178806611914,-1.6149410398759467,0.9539828197052943,-1.7109127196929452,-0.3621127406961143,1.1521459723348169,0.6416641574468965,-0.8297785868306067,1.1368062700633776,-0.12788566401666754,-1.5567750225343178,3,3,normal
-1.5255654658473246,0.6382477608553033,0.2423713875358222,-0.2876001892993071,0.6780605643332321,0.10840165519188934,1.8317718135191996,-0.38085108734919393,-1.3228295182575895,-0.5178713936224301,-0.6947336546256542,0.521483288315203,2,2,normal
1.1163772075712088,0.0400261812921598,0.8929011784282361,1.007014890769356,1.3617885780665124,-0.8969608855900439,-0.6978839854742049,0.4173529161059228,1.1205597152455717,0.5001293219426547,-1.0020184713047018,2.2771549516507283,2,1,attack
1.3251538515121422,-0.21576775160132813,-0.7039516486867476,-0.8581289074956717,1.1200196309167973,-0.26782342609583243,-0.5826035498175677,1.2030619929495812,-0.6126948094590329,0.8407637238854033,0.39050271968827005,0.37819857466149404,1,3,normal
2.2791718926674798,-0.5676378943282345,0.5381110578775056,0.7151325270765979,-1.4604653333362223,1.2179519175985687,0.5631087567990535,-0.5153220873067044,-0.4227034053530671,-0.4392404081639638,0.8496943466747969,0.5022427696832329,1,3,normal
-0.5801632449061426,1.6362562533810234,0.11028318891866887,1.0584554123174905,0.7831028982062386,0.11299253844962796,-1.0080137996643674,-0.5528139415308031,0.4540497856635943,-0.7070047168519987,0.3051286048670893,-0.6521785808882848,1,3,normal
-0.9022692293194136,1.6254127825815128,-0.5970155170992527,0.02067593381880304,-1.2219445718920876,0.32167805296211416,0.16882527988632126,-0.891758982243533,-0.8153094648267818,-0.7072046651270528,-0.9530238629798231,-0.434880872910508,0,0,normal
0.599598683639713,-1.7524504693906238,-1.564328966828434,-1.6796106108740767,0.41961920898467076,-0.2379943924331143,0.16189874804921,1.1626026771854965,-0.3512809796313685,0.17428664800652363,-0.5798806426995017,-1.3860525994574502,3,2,normal
0.09086635490861242,-0.4389676464014948,0.3204506008333199,-1.06989517014781,-1.365149780680244,0.7388759988969119,0.14604721471005228,-1.9842472594903477,-1.4943053233242667,1.3061566724862022,-0.8930124203696029,-0.5860289708798155,1,1,normal
0.8249083447194845,-0.8522648049116296,-0.3296091987256239,-0.57277060551744,1.9510832689123376,-1.141657540596153,-0.8338703461318753,-0.021272941308169566,-0.17651177360247702,1.2064833581263377,0.43625218643586866,-1.699548971270016,0,0,normal
0.6845853704078955,-1.1503726173601136,0.44887367435639375,0.04306841287116095,-1.4758179877037927,-0.3011317670227807,-1.0511340731286853,-1.0219534197125524,1.5709938988237426,0.9148002870539937,-0.7036534344656229,-0.08551942135444589,2,1,normal
-1.0801992785611954,0.3224096086534981,-2.0663854481110304,1.6912158749815964,1.4975577356365783,1.0037456113920336,-0.7095458254159007,0.4945172908185004,-0.059314949781511694,-1.4235133970802805,0.9829223897865774,-0.22200130590778053,0,0,normal
-0.4428307081136977,0.5841548749630032,-0.07481407687577088,-0.5724231876708241,0.41765708603510227,2.3882395521816955,-0.3663957021546362,-0.9257187087551573,-0.42450652999353117,-0.21920115858043468,0.3796047481079697,-1.6094419038108916,1,1,normal
0.4003976450161413,-0.00041785324523364495,0.7188454064287737,-0.2045410119742904,-1.4515765478481077,-0.8216489114017089,0.5522740197950148,0.03126396325291625,0.298253432190423,1.814535233012235,0.6188372583737586,0.6647187706244078,2,1,normal
1.3768263899396114,-1.2687175069142727,2.8464691549969334,-0.4030968107764436,0.29185759005720474,0.33931212763976454,-1.1151333648065842,1.8995961354569262,-0.9102897127708196,0.6704231300970209,-1.4411554061487983,-0.47381893461287444,0,2,normal
0.33539876462040824,-0.3427438170878401,0.7455900864619301,-0.11589165084957852,-0.6133799298991399,-0.3404861974917775,-0.07395072056841363,0.5593977323696215,0.24405920058415667,-1.7055233945772985,-0.44192308710597145,-1.5122257047707885,1,0,normal
2.0981668321853237,0.3534741367720982,-0.4837134438843505,0.4557095078668565,1.8607733477803106,-0.5536848145080332,-1.2880573058570388,1.4804328325308673,1.4420696691785517,0.38364256603755237,-0.03755629971361171,0.31856755415459725,0,0,attack
-1.0003315267698496,1.3438905100373097,-0.2598830011840214,-0.16018554142496852,3.349593220648078,1.3724749450481941,-0.5337441076206277,2.6721182269741632,1.1037836263331973,-0.26976337903624337,1.2863962800950652,-0.8519367588354403,2,0,attack
0.8083254215865523,-0.4197232662567167,0.9050917674568391,0.8394817789436586,-0.656608931242525,-0.457361318556447,-0.6082949134361497,-0.715416148458789,-0.04927387387895403,-0.12448770750079387,-0.25399359961981627,0.8892532051985246,3,3,normal
-0.9828264072359906,-1.3591576529632814,-0.7309550052740137,0.5739601854204744,0.30538963384636464,-1.9210176756844763,0.15800196430853694,0.18852268892691113,0.2969801075641146,-0.9386828867568624,0.06138621768454262,-0.23360187181980957,2,0,normal
1.3272115190429452,-1.2895336547615441,-0.24888404012392754,0.28040749753647093,-0.9409048769160615,0.8065595156800912,-0.9504727269203135,-0.6596990339784,-0.611685766041933,-0.6695577383180472,-0.171000233888373,-0.505779986053885,2,2,normal
-0.054509368857722444,-0.09621533389471791,-1.1034813304856552,-0.48983277646001117,0.7358780686509534,0.2532259248784441,0.24154360904648994,-1.7793329889680822,0.3950299175964779,0.7390937112169947,0.8849510213255476,1.490260957791964,0,0,normal
1.8095615966143148,-1.7175806103987932,-0.6689643685704062,0.9307798566272657,0.6779087946523259,-0.5502536827430289,-0.0824949314523787,1.0861064052167189,-2.5131817951604942,0.7078217976346491,0.02152057971527777,-0.678349801294791,3,2,normal
0.38346390773208,-0.5246359900040657,0.5139507907589755,1.2821577647707232,-0.3405485017825679,-1.1361773722291337,-1.2719088290976026,-1.3013064002211847,0.13921602380434742,-2.2131422245928203,0.398007103064021,-0.9052554733478002,1,0,normal
0.8459000036444889,0.02606518381010175,0.21571771915048552,0.7424949837652276,-1.497136684091636,-0.42415434380692263,-1.1905755738427417,1.0185636287629,-0.3852029897224819,0.18061048707994265,0.5638580405560074,0.6043294939645505,0,1,normal
-0.19091399851068075,0.5787963839683286,0.3588113432761975,0.3976904846985008,0.7114674207510406,0.05388219545985312,-0.7708973377456619,0.48021052656801494,0.34829126276174427,0.28274735741339635,-0.17913686188156372,-0.26422569156689074,3,3,normal
0.29999225770797366,-0.7711758353900569,0.39617133789604064,-0.6784699116868708,2.179745840633789,1.5834785361143828,-0.32603052877221844,-0.048028328491309516,1.017257776427314,-0.6910433816916987,1.1721766699100744,0.5010942265349339,3,1,attack
1.2450717141227858,-1.8389944594337646,-0.077451527419118,0.8102127108331674,1.386426147746349,-2.0633512894887627,-2.1419461784296603,-0.8677442605399421,-0.7453684857875099,1.3747424704714823,1.4834345298144935,0.9779194108356355,0,0,normal
0.12397777416164403,0.23073859919111,0.7090880314292984,-0.5144795650008754,-0.41357080085727244,-1.8842740926272672,-0.427182405556011,1.1797876922116328,0.7515952215141876,-0.4317391832044093,1.5587902000196292,-0.8173530763195559,0,2,normal
-1.8488979324789667,-1.7651251174522196,-0.4020319597521124,-0.8526554370910165,-0.21530522567213184,-0.267503690885526,-1.0344244873908592,0.6782385663891108,-0.4177987076524921,-1.7631605160964778,-1.208692713607251,-0.5599254122729407,3,1,normal
-1.0123647692422635,1.634767473148752,-0.20286125455320553,-1.0940965146461425,-1.7814450286771795,-0.3370745801001032,0.4795972068790577,-0.7926244579008557,-0.9424464586685976,1.2569540596104964,-0.09504013107729962,-0.24171572910951777,1,1,normal
-0.5405924720396638,-0.6382195725651506,-0.4033191857429877,0.2503543916128577,0.9711091349463125,0.8453010419919205,0.39986876622056183,-1.361573335310151,1.1327589399695057,-0.7649069302166095,0.6313568867159746,-0.7592365191288685,2,0,normal
1.5447971768856437,-0.7471004551234423,-1.3416550293498282,-0.11956228782933442,0.36316858777908645,-1.2899572832204171,-0.5811796762611084,-1.2026757954027,-0.41628658274882924,-0.9469666975855541,-1.0466502928956005,0.6401705064031488,1,1,normal
0.5100373705726298,0.863861992265041,-0.511016861711524,-0.12476700859126234,0.9499281211515784,0.09188676079934514,-0.5191478029556839,0.7313551334854109,-0.3655621653828822,-1.5589469714290853,-0.6200303649584752,-0.06105563922167769,0,2,normal
0.2746868451725714,-0.9492047517946205,-0.2785918870863019,-0.5331200956202164,0.58323822622773,0.36220378643661755,-0.5641499590850467,-1.198139630413179,0.20558352422293014,-0.6649321940932279,0.22427606690256474,0.2943202058464016,1,0,normal
-1.019261464183357,-1.131150607833122,-0.21726857779356637,-0.45083319889386386,0.12220288428839002,0.5122771984583107,0.547231043602089,0.4362016391141469,0.9350535282110553,0.5733049991589358,0.40655142535919025,1.1263081810119164,2,0,normal
-2.105562493621994,-1.0848864228457435,0.45540095112710866,1.4448611685205435,-0.6346704839939584,-1.28330902729998,-1.473788879244079,0.5445311771181347,-0.9028517150401677,0.8215543100570932,-1.1921518807397466,2.383658536446752,2,1,normal
-1.791316525409058,0.21214598691915162,0.6897972626902201,-0.12615891429961024,-0.48389604095969124,-0.586385686274677,-0.8718887463486856,0.8834824115188582,1.069475632468622,-0.9238787973468187,-0.7564077383277081,-0.5223164397284396,1,0,normal
-0.6495596683315658,0.1607894658536342,-0.12035889225133663,-0.8104250612126898,0.13521924052007592,-1.1293987291175709,-0.738245013347119,-1.9099988681270599,0.22273406478879282,0.7135921554988295,-1.2854581838409305,0.07010979070130423,0,0,normal
-0.7270056635558081,1.5113878447928462,-1.1054143666496956,0.7442342162561066,-0.02928268721052009,0.6711073962049915,-0.5719365742648624,0.5533769505474727,0.7838066219540698,-0.14784048485717033,-0.8836578802192726,1.6227005621734483,1,3,normal
-0.9685960204772972,0.919622891538213,0.16530961634027044,-0.3749699364759,-0.8778182301766337,-0.6510918597125491,0.44424830946558214,0.04344225434191842,-0.04559138303065912,-0.6179179285122568,1.4632057661713331,1.2837867580982074,2,2,attack
-0.004119193563616903,-0.7519570183223099,0.5858282618143813,-0.6819027242314994,-1.8417015181444882,0.5932550603270448,1.378831614306583,0.6880917019843206,0.9634006599839614,-1.7613718208056346,-0.7086248793896497,0.0706257712422168,1,3,normal
0.4649963484522059,-0.4745365342343331,0.3507297987548431,0.6182348591519808,0.5854758140357662,-0.5912454539478288,-0.011243189492769699,-1.4695436146137957,-0.5731665545447355,-0.28990820169555775,-2.0374691728503187,-2.2584659884113107,0,1,normal
1.4940603457307753,0.5332822282470047,0.2617704537282099,-0.5954572076153265,-0.01350285967269839,0.35611076815532827,-0.43914286408970776,0.3543275318382862,1.83337748941016,-2.5679409236748802,-1.4802970702764195,-0.032362313003590104,0,0,normal
-1.2680194490116223,-1.268291207929413,0.8208181466447075,1.5335413348313371,0.05277672847378182,-2.3582942516448515,1.6799032767537743,-0.013851213589124868,-1.398699043321036,-0.22037673481927073,0.29757028430853444,-1.9286331374018073,0,1,normal
1.0170061618130635,1.0608575087214867,0.9304819613773019,-0.03139518246095784,-1.0643773843474498,-0.8166736685894193,0.12025400729085359,1.026722652046854,0.7240134951056433,0.2650463789917751,-0.8784381242274423,1.5266311018097403,1,3,attack
1.6352396485393588,2.7446388606611576,-0.16166626634152936,0.9830166943073603,-0.9438092142145648,0.6592392603860674,0.04147142631549323,0.3610282255774861,1.310425153755149,-0.9498523035792087,1.1366636988640229,-0.5354517063734684,3,0,attack
2.319601732356982,2.197451408058816,-0.35060575825095314,-1.1318010449817733,0.30820356718271946,0.7198931261368394,0.11721444021843584,-0.3807416941825725,-1.8705074627941223,0.19093178335692707,1.9051789989677572,1.8450564699051055,1,0,attack
-0.4233094228569811,-0.19035783833328765,-1.9594006426311357,-0.7703130467487223,-0.6205997664849393,0.4658586003735525,-1.7986765551099626,-0.7387871466377715,-0.3731006956565732,2.0698573937639244,-1.1771421548262584,-0.3327926819390756,1,1,normal
0.35417537475220734,0.1996843588410598,0.35819407387254437,-0.433559403578867,-0.3081378422220385,0.6377454541848936,-2.1956561190858572,0.526731007072994,-0.37384159612587725,-0.0927441439699498,-0.6727713961315696,0.7282216099606703,3,2,normal
1.312220307995086,-0.41539775424061826,0.5102558398361858,0.5073386992231277,-0.6937861606854625,1.1482555059943211,0.4631034308640606,-2.6133578941858766,0.656105386744976,1.4150138662350171,-0.13230060120938922,-1.6040008105440273,3,0,normal
0.6422830373423144,-0.6827551033068876,0.20275845884392094,-0.8976896270451005,0.7537535193299767,1.182592253255477,-0.819714325289741,-1.0942167390967865,-0.967043647443553,-0.979667979686653,0.6481040006219743,-2.07185087196559,1,0,normal
0.8920732258655754,0.23948851371565397,-1.4889086705571968,0.20074772476814573,0.6587017044954294,-0.5445459179771559,-0.7191320799842446,1.4322587644143912,-0.8364303922181089,-0.17911428690783093,-1.9545923233066693,0.6858357329600269,0,1,normal
-2.182397046737092,-0.3136550673086018,1.0766080255519916,-2.0483952137997923,1.336036419644195,0.19335412785396408,-0.43050914940242613,0.23674171148773404,1.2228027155809904,0.29968085434709035,0.05016771843305964,-0.1505341515687762,0,3,normal
0.9257243754165002,0.9219723027643826,0.2528746098747561,0.31445182231049784,0.5597188668321035,0.7612980739111666,0.5575162649415973,1.2399830079453302,-1.089009758702602,-0.9682686534479872,-1.690091840692879,-0.2364537464348193,3,2,normal
0.694057455987276,0.5944460452517037,-0.5521962650522232,-1.3600891659824401,0.12632696541911068,-0.7538342128255191,0.09063800685554917,-0.33805483770887806,1.114869633254625,1.2706822100605863,-0.3561614051429818,0.9617433741289158,0,2,normal
0.4091933821466292,1.1261626123215587,-1.7846089430728063,2.9792505839283625,-1.8915647783403737,0.8324286438178126,-1.0141212699351478,0.5754024137105126,-0.37317885572942877,-0.3775040973515173,-0.3005931318717309,-1.6997927614754558,1,1,normal
-1.7206979068921644,0.49753414765872506,0.28743416113370907,-1.3730999556747143,0.07292718640198316,0.9639913786935913,-0.34319633678751527,-2.3660445400154946,-0.4263797279946438,0.3386964659582406,0.46245654558938953,2.5261115771757545,1,3,normal
1.3592479077797333,0.10676738323883479,1.3357773297069182,0.06779596150246008,0.9297541975197309,-0.8648269934589952,1.5511924984360144,-0.9898307490873575,0.5922492174921956,0.2819823885867299,-0.8062953391778562,1.0533778322204872,3,0,normal
0.968988973591941,-1.7197161540820933,0.3207020145160167,-0.9650181381779286,-0.8067770303342764,1.9523145587990647,-1.4468226621439302,-1.3416241772518132,0.4691779440285014,-0.2273029295711471,-1.2873807191718614,-0.13927537295437828,2,0,normal
-0.34722004780785726,0.8072609479392904,-1.224220876137196,-0.05858218238698965,0.581956240857996,-0.8118667906567306,-1.3610380654508172,0.5455462560961758,0.0937144199443407,-0.3934626827846624,0.2756860534383122,-0.27449517455321815,2,3,normal
-1.675312374480553,1.0073483957170168,-0.19444013070966262,-0.08554454830624025,-1.2421153471181774,-0.6066236323081647,0.32489389408081526,-1.0985180461298758,-0.620115447168885,0.5225091434965962,0.1261608622286025,-2.3039455381136293,3,0,normal
1.9476864464697496,0.9597966281883126,0.2663455351026483,-0.03038062271467028,0.49347153299722324,0.9481677661808748,-0.6306812999559083,-0.6226155645925991,-0.33604040496514326,-0.28007659032518467,-0.3237155213817612,0.2667981287535673,0,1,normal
-2.347316299121693,-1.1193290773042437,1.0688696703560994,1.426773545736774,0.3913275167651133,1.1063546944631422,-0.3515515499528865,0.4071856560333413,0.8620657646193665,0.29162542442251776,-0.050510765847384294,0.611670865808656,0,3,normal
-0.5963409927628486,-1.277923926313808,-0.41520380898131304,-2.255682748336685,-0.005988429215388938,-1.305841697023671,-0.4671056134067735,0.5254175297350586,-0.8293703085254296,-1.7396035614805536,1.5867898423781093,1.3530935371160424,2,2,normal
-0.7660417831213046,1.0115888962894868,0.0266366191290979,0.6657624453729567,0.21165123575911465,-0.42490787158591503,-0.8171743816062094,1.2770080948016356,2.9935906103644583,-0.8126889901911015,-0.2105263843509269,1.0636653861562428,3,2,attack
-1.50768904904807,-0.945744366839692,0.20649087212125578,-0.17012792281975977,1.3986224588150482,0.4247576467768724,-0.4216199718644671,0.9284923228900935,-0.4283143632622334,0.4968325584931823,-0.40944156106424906,1.2049602684531038,2,3,normal
-0.4657669767030055,0.42336438451657643,1.2023788701185738,0.7154215712019104,-0.7007503427410857,0.17155742835029233,0.740847218146819,1.482629927711202,-0.09799233492817105,-1.0016465991620345,-0.06801535509531982,-0.4363894784299908,0,3,normal
0.1239993294274682,0.8321266548706848,-0.6090017919410158,0.5329499849993083,-1.5933406467445188,-0.3837848813810621,-1.3937453244553357,-1.4703836198740587,-1.1714988863677982,0.25265314542035716,-1.2024016324975133,-1.2520059230662524,0,1,normal
0.03677557820606978,-0.8209385979323227,0.15842117782755696,-0.2950931556993804,0.24432024829406224,-1.2727173559312783,-1.723448343553237,-0.5432522090458166,-1.4594204989736583,-0.25854220572560493,0.03081487321605112,-0.22301357618782064,1,1,normal
-0.28169429613065977,0.41116459858278026,-0.14028189526734808,1.8979823197933958,-1.7379956068359428,-0.5388785688329241,0.2206401551773368,-0.9271194460782597,-0.5276824448271571,0.4820386266040099,-0.47294350331085483,-0.20400030153490545,2,1,normal
0.15573642989963948,-0.3301078767103801,-0.37811295178971277,0.4671718307141214,-1.4645349723595462,0.67594490893624,0.8564419581962666,1.1526045441733013,1.118084160131191,-0.09434207209064939,0.8861856631623736,-0.8570574557039634,1,3,normal
-1.741501460668577,-2.0578266189037366,0.8743552872337834,0.5053336791692757,0.32840634671390967,-1.1852481843906826,-1.1004903306345628,1.988095065075601,-1.301985346756403,-0.27394578763185495,-0.32204394999391217,-0.1277222667332124,0,1,normal
0.41701332788076084,1.4838113711664584,0.5504969442403521,0.10421622553774829,-0.07078038542345758,-0.8013919612503336,-0.9875671638922096,-0.6045066020859535,0.8177228799709055,-0.38477842615653157,0.5836285067011661,0.044779864339813596,2,1,normal
0.5761827319610431,-0.9678691970269134,-0.5141596019476167,1.729808166217431,1.7342716198666241,-0.17171970557810834,0.7502748503775724,0.9549861007694084,-0.4292476306241822,-1.2134991874944616,0.16891203186621348,-0.06210770670617174,2,2,normal
-1.3652171377554816,0.5649174162695979,-3.0455375512693883,0.10758900634319041,1.0229864575668892,-0.1615867229166217,-1.3004392859142762,-0.6628777369243083,-1.5954122263912758,0.7289543047908124,0.05215051965358993,0.06530226904960056,1,1,normal
0.3374430683902285,0.8552486483343051,-1.3440219475329787,-1.5551694125871964,1.2993283005649858,-0.9004075803650198,-0.5706762076293372,0.5061082341479192,0.44747887577957796,0.7611847012151426,-0.6226198698904761,0.756655817388422,1,3,normal
-0.5704081411909935,-1.0882619294748963,1.2612050033139157,-0.091503860915059,-0.24814774148637347,-1.0274078366963526,1.3718054991094388,-0.34038918891102804,-0.9571037914337802,-0.5132500464284313,-0.18249091957070332,-0.4535121439614014,2,2,normal
0.11561512941564059,1.4784363050717961,0.7460203346911325,1.650005791920775,0.03661866232191323,1.2832124413288164,0.5411360505478918,-0.6367928648265248,-1.219692281586156,0.7579376854965443,0.6188708233844796,-0.002837447748946349,2,1,attack
0.1612453358799868,-0.7747832380556747,-1.3665980777547655,1.9151663765968208,1.7270352354504965,1.025589349245479,0.6344020995597803,0.07497269608478126,-1.482429974010185,-1.3886437830159237,-0.47219353271477754,-0.12797055908643018,1,3,normal
0.24231745857968323,0.37720865513247903,1.1581890967871091,0.426741379794882,1.0934490262774403,-0.5259028616651095,0.6283029439297787,-0.44631488589916946,-0.9855478780683505,-0.11668053060008242,-1.0459573169948335,-0.2467859211221898,3,1,normal
1.1740879513188067,0.20396746072475547,1.4605008621341367,0.1530137337223926,-0.08914267717429698,0.26497215801040647,-0.4461255121409536,-1.9414122977248465,-0.3045459916285197,-0.39057611254345403,1.0331848817402587,-0.6477201152285719,0,3,normal
-0.28055224542268214,0.010821252042247525,-0.7647175726861215,0.27618268734560225,-0.30693043728176916,-0.0626086170259617,-1.066067842018988,-1.269367502071823,0.9235498646817625,1.2854759583397786,-0.5766029568515817,0.4340761439316546,1,0,normal
0.640426297248024,1.006265529527069,-0.09567316645752914,-0.10626026723352555,0.08192023062250767,-0.15245835656943577,-2.375861025181332,-0.7323645852913008,-1.2495332885074977,-0.08980915826765998,0.779754702775335,0.8401605191029198,0,3,normal
0.89325804034729,-0.2825882790728172,-0.5156122473642457,1.322171163131095,-1.4992049047309248,-0.46962807911453675,-0.7682446141097999,-0.5467221222868918,-1.052261251248646,0.7271212180775107,-0.09207868123503397,0.38189004654306835,2,3,normal
0.07800661743439576,0.29282694690056077,-0.6036321213325815,0.4348065465072089,-0.5633359223306332,-0.29585139960202683,-0.5810355638456228,0.15062571235590275,0.2507360492900225,1.5665013866110555,-1.0651578635576824,0.8502724147048264,3,0,normal
-0.7068560934166586,-0.3820179323311339,-0.7642774290730165,-1.9953554419391153,1.2392919719865485,-1.0328943476382613,-0.30128987693203474,1.3152436253584674,2.286539197625404,0.3794307537362659,1.2404956018389657,-0.49333138387912623,2,3,attack
-0.05341453659324154,-0.0005094765362586514,-0.014532662100030583,-1.4555250364961234,-1.739860657423539,0.3807709789273645,0.28049515240345013,-0.0341033758754748,0.7202339076572448,0.12436131693076896,0.3066327349265124,-1.0398566712686554,1,3,normal
0.38314155140923284,1.1832301317295317,1.1082170960547464,0.025720414733689075,-1.0400379041423198,0.6862852532844773,-1.0064553242502132,0.9614277764596987,-0.2969370668233391,-1.6351147595155793,2.2011063999397273,0.043800566568246865,2,2,normal
0.5124634194017619,0.1014085593826141,-0.8489391941001141,-0.6483808351235868,-0.9817656910005876,0.3642162189767612,-1.893481968357923,1.1016598863077098,0.08867341828343832,1.7301160691070656,1.2275380505913673,2.24742825132639,3,0,attack
1.0044028404016703,0.7186440538750046,-0.4793985717401464,-0.5842752218254148,-0.6822476981740951,-0.14647222795489476,2.115496390025416,0.6770320043930464,0.17606568423146013,-0.8412674491383223,-0.28498034520208104,0.43309743643573134,3,0,normal
1.3369885502905146,-1.3215973926601692,0.7409589871792605,-0.8672321894302698,-0.446403869360679,-0.050187313294762524,-1.7071757540410464,-0.1581886933358213,-2.100013717485278,0.3780340166012289,-0.6144023069500717,0.6385186552470862,1,1,normal
1.3393351457240055,-1.2307621633955126,1.1063984033655134,-0.15962720952622805,0.6135480897843454,0.8792057629024668,1.429495701546931,0.8069986641690933,-1.2095806796558273,1.1024794533754947,0.10289094166311755,1.2708023858972874,1,2,attack
0.4153484007622164,-0.25445461366644484,0.4684069731355165,0.9755266055983541,-1.8146788214059613,0.5846727001978527,0.06684277505122835,-0.44338155397526213,-0.3642745019737637,-2.076227131333067,-0.2232802812070267,-1.6942922296946006,1,3,normal
-1.6044879922107624,1.1000872229992966,0.015370626712712726,-0.2196750645029542,1.615033182465993,-0.35352094448702476,0.0569316400129528,-0.23727536324014825,0.8965591060285389,-0.7937833949286964,0.13621284106717504,-0.7584803551331569,3,0,normal
0.9672185137505058,0.1874977955575937,-1.2540826144321315,0.7959378807435058,-0.4847903602577933,-1.4475615323982172,-0.6616513657622887,-1.812791776052355,-0.07293731156192992,1.4429182906789768,0.8908578239148129,-0.4964458999135755,1,1,normal
0.12545638883686652,0.7737566047822163,0.1129537138186264,2.0436136049075007,0.5867291577689376,1.422876844398136,-0.028704526627753593,0.7676704968814824,-0.3021523611127183,-0.2120519389410852,-0.8373807870773176,-2.046907281610413,2,2,normal
0.05952426942946804,0.07689468752132275,-0.4057250530743232,-1.194563076168622,-2.8274431495038566,0.7791266111571294,1.6164496267018102,-0.03891786975191417,1.2293726384437786,-0.13693807074932307,-0.5706002799779277,-1.0750943296533668,2,3,normal
-0.8401659559462398,-1.946337138863685,-1.7539816051458859,0.7977209037481428,-1.4369204810808278,-0.5516462577243081,1.9648483552153149,1.2531663579106789,-0.8939598236489325,-0.26724536359698753,0.6603285113346175,-1.149580366114275,0,2,normal
0.0412174312980161,-0.9592462748800281,1.7311843485466052,-0.2701365278192663,0.7348212435136694,1.5173431612077561,-0.978513699479913,-0.21438442985658984,-2.301360593702492,-0.05183144150543193,-0.9983144876363241,-1.6625647386261182,1,3,normal
-0.1837112576151984,-0.4945008091757994,-0.23709463319646126,1.304395321145048,-0.38984856271420193,1.0584561233110426,0.49152672726540525,2.50616824864635,0.32151735161874506,-0.7383830005488811,-1.0763243407923626,1.4665792886449358,1,1,normal
-0.6538343280586448,1.0152503213061763,0.0656646326207348,0.7857266248338354,1.4734586848166376,-0.09130658933559838,0.34682059046215763,1.092403101219904,-0.9064574354132692,-0.14010107756044432,0.7149442243581544,0.932578298729581,3,3,attack
1.7896383694959361,-0.5863881800742582,-1.165903973015419,-1.8970163090395509,-0.6538493367902949,-0.4501831259489588,0.8364665915892252,-1.9668847028788752,-0.2706091304252766,1.2954123975049052,1.0503830082346493,-1.3299262408446264,3,1,normal
-0.36646207287418026,-1.5073445829161998,0.7148383718217338,-0.505461162944189,1.1824005604469894,1.6315142138094783,-0.9084412603868951,-0.015802723990423047,0.023879477527317807,-0.3767800222877806,-0.359553507686786,-0.2577716457559384,3,0,normal
0.03470294666825021,1.9519250141756936,-1.0532361286401752,1.566430586411772,0.7107767146175096,-0.6861328282255974,0.08083673412468195,1.0466686462990655,0.2779981900434801,0.456224294427118,-0.046117675004570896,-0.896306104233678,3,2,attack
-0.057025699329969426,-0.2560031664107636,-0.1714377118282501,0.08762706998533262,0.6295836332578446,-0.004449193572700971,0.934849121321783,-0.6150432784518504,0.6564651025773588,-0.5865875119471917,0.06668113238188776,-0.772398147531431,2,2,normal
-1.5980190918723007,-1.5569249890151644,0.09872106283641867,1.0311453390100505,0.8286144140338632,0.1880129915855263,0.1528601225374973,0.8617748764121662,0.027535943748337777,-1.2545656886549656,1.0503238998132052,0.08414122169150795,2,3,normal
0.7769727461090427,-0.2426259738619552,-0.25978237686220235,-1.1852746924968236,0.9459222727741651,-0.8857848421710872,0.39885619608781575,-1.2749032253168375,0.6401208055191151,-0.7026854262042213,0.4786592098739425,0.4421525107929223,3,3,normal
0.5863082454288663,-0.2525250311507236,1.3608603473135483,-0.10924697054150884,0.16059248059373127,-1.134292708780188,0.5566938118894594,-0.9555923511520179,-0.054104475614569485,0.7739525889619386,-1.0930719832785774,0.9260968900406189,1,3,normal
1.1163103610984955,0.8273203485807716,-0.5120299232234535,-1.1917850261271143,1.7231221304103028,-0.9062572724958549,-1.029066280505878,-0.38272984156833845,-1.1828649909351372,0.4170372005483454,-1.2376841981566162,0.8997933674403831,3,1,normal
1.1928762870710792,0.3550437890472113,0.895666600106556,-0.8926463309124595,0.5417025891061276,0.3064790400811032,-0.8675217862376869,0.6487079348656014,-0.9545655364988477,2.0973434567693725,-0.596973762548046,-0.22232805153150278,1,3,attack
0.5616829704744795,-0.02489149461983373,0.5627415360750273,-1.4418203462684998,2.1809447195999576,1.7657634999683791,-1.0483926735607867,0.4419058518141134,-0.19683816465159612,-1.0568521879199664,0.6799006889684289,0.5015781367277218,1,3,attack
3.190161287144234,1.6920800960652282,0.3553694437509072,2.5078950487310028,-0.44750369126572104,-0.13184071741873646,0.4583269327309175,-0.1405998226106335,1.156055352549435,0.869839389860397,-1.8463922745518508,-0.7089718151344109,2,2,attack
-0.01532141056408738,0.30767690979970047,-0.18371212827253547,1.4622065851170805,-0.9862333893621509,-0.4409125836660147,0.9464496482400696,0.466489418549883,0.5056853855516642,-1.4750919398734628,1.0409577470550104,-0.8906493237547867,2,3,normal
0.8271738041440749,0.07806040608760807,1.1948138338812286,-0.5487358531821065,-0.8001356361266623,0.5675842982881394,-1.463485241844161,1.169629500701664,-0.5653867711337102,-1.650230492240425,0.4898833849792549,-0.48839610962523,3,1,normal
-0.16134344358686648,1.84713254299773,-0.47209562482391854,0.008655470508035706,-1.1656215704158597,-0.49019909059100925,0.008720334672605124,1.0220405865472924,-0.6792141474806106,0.5619942737682446,-1.5457127419317653,-0.6142596430895322,3,2,normal
-1.1323800375493842,-0.7998915891910948,-1.393401605084358,-0.11314065743800103,3.0917987467859938,-1.373133668269702,-1.81374890989952,-0.6294400078624816,-0.9788102161895792,-0.05562897003684618,-0.8767576175970869,1.8249503048916178,3,0,normal
-0.8604420309406072,0.26183879722839926,1.033554147479921,-0.24559757796755927,0.5324200247639538,0.9667089792498688,-1.2319590728684389,0.09828005967034625,-0.03145293287042605,-0.8497119913757646,-0.6224309569376381,1.1029368378489908,0,1,normal
1.6986857016701533,-0.0408607670144557,-0.26515776656422624,0.9579048521341011,-0.03657342561299061,1.0191384566731687,-1.3431078198492623,-1.3481706810801284,0.7292234418067244,-1.6391633246652473,-0.1882134321913371,-1.1682672747688663,1,3,normal
0.3779584555930612,0.29083672314215764,0.15133962004188767,-0.778198047330178,-0.27816294875144665,-0.3462905291621848,0.5799982099143226,-0.03531190335303504,0.5292485593879552,0.028986465397602804,-0.5536779006370728,-0.44041898323194384,0,0,normal
-1.5153698222684302,-2.435236749306203,-1.1402886411128754,0.45468609184135605,1.2914143986195574,0.8817900198629224,-1.4699856343919564,-1.2665213349745763,1.8908134349571206,1.0947192472918097,0.03270431064729738,-0.1171648007552529,1,2,normal
-0.923885933882595,-1.7595134773416483,0.018938424012956603,-0.5585509061400129,-0.11253568379625534,-0.5941805756103149,0.9720516419181752,1.29242685505688,-0.8813934948129228,1.28768913259722,0.1034346073851401,-0.08205469955705723,0,1,normal
0.5837023248336053,-0.3136140460457129,-1.2051729742121757,0.08418565770743325,1.2232366279777496,-0.01767819760974879,2.3538434361512572,-1.6251864705357828,-1.0411329718886062,0.3879770013112247,-2.0826477476577003,-0.07263962916010247,1,3,normal
-0.16652323949067555,2.0865983668642336,0.5892069741255289,-0.645249799088621,-1.804072043275786,0.48129090346600717,-0.2661730974577704,1.1824841920623703,0.9624781054542831,-0.4241755982609859,0.05580657118499462,0.40836267589802977,0,0,normal
0.5861213649480477,-2.1705178869460227,-0.5210814038715142,-0.8584602820980447,-1.2691917173489748,-1.1393448917002893,1.005048937036913,0.707258557886577,-0.007900859400274159,0.9218936385410953,-1.2287991520585113,-0.17035933266023776,1,3,normal
1.2347678477287225,-0.9603741470175621,1.6199579922829797,2.0216179853315537,-0.45719678608045095,0.7020056318916448,-0.5382604577769589,-0.5464628862685215,-0.6506806698321014,0.2512366345508486,1.5142759574864821,0.2196672008984517,3,0,normal
-1.553523750109697,-1.1271959572210442,0.5333848505393034,-0.09956060822487024,0.3931921413192851,-0.31503093244608654,0.8025748076368724,-0.901950461046108,1.0070949935002236,0.08873693383663389,1.7112843296548301,-0.15989812915907795,1,2,normal
-2.329004650464958,-0.4031764701165971,-0.43103627039756787,0.0435359784687313,-0.16523797171525223,1.109239321488347,0.04084589304301342,1.2725536347758664,0.2804015754495686,0.7466079525668524,-0.703430002894852,-1.2928371647245862,3,2,normal
-0.29425901248234443,0.06453675360986832,-0.6354327164321151,1.0665769437785393,0.13400612455916763,0.8619535748707913,2.071490085634113,1.2066416965150135,0.19128142896358075,0.6143861883310491,0.46047367016666607,0.17838950088970634,2,3,attack
0.9998502305132608,0.13635523730867322,-0.8040004775358484,0.31518262831166194,-0.03495573018081242,0.17035685433821135,0.4304559482619648,-0.08193755055087178,0.2574512324082848,1.3582883082703405,-1.4240443305510744,0.08495383767920969,1,1,normal
-1.1817103938762867,-1.2226624886450186,0.9179270875407501,-2.491875541369021,0.3386647969377774,0.7522517293708654,-1.579486999090859,-0.9806167886614601,-0.16949301168090697,-0.10924915235496512,0.2893965209875703,-1.6595110816090184,1,2,normal
-0.3781895138425638,-0.9111243207641806,0.1409202761097462,-0.5195307877351399,1.436176515331267,0.9789623742957242,-0.25679237798957516,0.6655841220031831,-0.261244322551376,2.0146186628673335,-1.1368069336407183,2.3023508201422556,2,3,attack
-1.8399001969031505,-0.9423798183952421,-1.0645386795936902,0.9730693220590698,-0.37895019534820595,1.0200662989021527,2.029312759259819,0.03250353708608962,1.1298431029820337,-0.24758111472355254,-0.644355906800597,-0.6687257338706857,2,1,normal
0.10568701772211594,1.5700000621325587,-0.4029158025647676,-0.3361106236129536,0.06055325165712161,-0.15016896852372003,1.2865559385597405,-1.3061771994716052,0.2568115014440826,2.70894086772474,-0.7956275254167974,1.3329440338082092,3,3,normal
0.67739849554666,-0.9257684637930885,1.209712293900042,-0.7715431541655717,-0.03153475554151617,-0.1752556369773187,-0.5047102762489427,-0.7095427733461067,-0.5290497211035916,-0.5111231585467862,0.6534113922307073,0.1780367396733361,0,3,normal
-0.624475168144142,-0.87169176808755,-0.7895007133926303,-1.2588118825971495,0.2590671730536528,-0.14885589898590593,-0.1677880243124631,-2.1056343839608935,-0.06106782937481811,-0.0033564121099132825,-0.6058781996595312,-0.4443931731090018,0,3,normal
-1.2148977952251203,-0.7973520585168826,-0.6824470845281347,-1.0137206028479655,-0.2992499489798546,1.0263870258618297,0.20115587919182723,-1.5900060334251054,1.5107818894767286,2.039386896299062,-0.592707304058883,-0.5755793942082864,0,3,normal
0.18241934723846637,-0.7821323609110965,-1.3704350803971186,0.5401079070320758,0.4393364517142308,-1.3596668003224825,-1.829903334789603,-0.2774150664151916,0.16151595249578116,-0.7148951003153449,-0.3243176434668976,0.32876532499815814,1,1,normal
-1.0706976137059507,0.11223325479673979,-0.6427524130930105,-0.7509563628684174,-1.113838990133086,-1.2950636219185685,1.5385001812282477,-1.7327069305578937,1.1591789951597966,-0.05919607485089934,0.5039030158694275,0.007767375974598712,2,1,normal
-0.18413647241540643,0.11541700009197606,-0.003777082907872845,1.3949901730673175,-0.6803265749932234,0.220797214570155,0.06166210253331377,-0.14473171746493807,-0.8966372592829404,-0.07300052782914355,1.240172452042456,0.36725392709138316,0,2,attack
-0.5254032904167428,0.5333053740203492,-0.11418550119377509,-1.9172802492409358,0.9483362072017139,0.5868238298099088,0.7486495060861896,0.17949880168182436,-1.1397950883064005,0.4686386358434115,-2.0782781013517244,1.4997541065532367,1,3,normal
-0.9158523346382178,0.5584470523539774,0.6859604515852846,-0.17234537845734896,-1.780822485778358,-0.5198496085737428,-0.2898961778186795,1.3560708734819118,1.7838930781230737,-0.1561083165669325,0.32042341273838,1.0594485489732548,1,3,normal
-2.0848918706493045,0.08229440156658192,-2.5765712119368094,-0.44160363792681456,-1.5390459282914215,-1.0842248476627276,-0.2255100833059944,-0.6211402174960872,-0.9273812395883674,-0.7300333326722324,-1.7680681535776586,0.08593897571028948,3,1,normal
0.0002560298044737925,1.3319942444150297,-0.11646949621038773,0.6574284821515974,1.700234527907822,-1.1522018785668624,-0.3546333008022113,-0.7619358627612403,-2.4931103448780534,-0.9112487926036448,-0.4806761022009218,0.8320812496375464,0,1,normal
0.2040795164878462,-0.3887927257975837,-0.5158864197345476,1.4560613607558628,0.2201130408129853,-0.3106345672774116,1.3090400790439751,0.16893873524495492,0.410467522629117,2.6066063957924177,-0.639040675118197,0.05539015640087666,0,1,normal
-0.4698515855436694,1.4039841768028583,-1.2289247696665961,-1.1627656816512315,-2.323091155797547,-2.162964682699401,-1.0902137786821988,0.21302281025420072,-1.5752280039643356,-1.4172673662360082,-1.054012233980956,1.028418615918537,3,2,normal
0.33668322868339956,0.41039240228666957,-1.6909595592961377,-0.7038886372037456,-0.5657241453528806,-1.3243909597217776,-0.4998716312697108,-0.8209625339043157,-0.9184399851463457,-1.7429914268532063,-0.9520349252790639,0.3644952146950582,2,1,normal
0.7506921416801915,0.9450839318060411,0.04500227269751852,0.3226542013029772,0.06821842380823322,-0.5082494377753677,-0.8794283948505047,0.7970622563441132,0.08129340956556995,-0.977205946285998,-0.12153372019192615,-1.8300367614519857,1,2,normal
0.2327589748989853,-0.5290632791015851,-0.21732723215702118,1.6193543564034312,-0.7538048296715191,-0.43951414066199757,1.6660907389287922,-0.8749041745673395,-0.3724480246891227,-0.7147181917853257,-0.6085557086377515,0.22771433026843302,1,3,normal
-0.0667496649758886,-0.7901490072120299,1.453136743947943,1.376434275762386,0.8627767229376815,1.378749927677358,0.5490238014726279,-0.42287953125863353,-0.2277233612772362,-1.5350097855859086,-0.0035848553955226204,0.313317206547844,0,0,normal
0.3863151649193864,-0.17255656950635115,0.7589427368693044,0.32788252557648756,0.6861473552774731,-0.641949301988154,-1.0792600275184463,0.45581980198533334,1.8370348787436774,1.5453811601355867,-0.02293103559174058,0.8627859250032925,2,3,normal
0.9088483879844849,-1.8729650756744738,0.07966398758621135,-0.06492892732470519,-1.1641574831251968,-0.12687011682283308,0.9259768196796263,-0.5276681593720108,0.44096034776432846,0.5672064912224549,0.3090749093570597,-0.417220931550891,3,0,normal
0.6157445522085524,0.4925731766052929,-0.158776661039074,-0.217062987759179,-0.0848180336636977,0.9220633578682426,-0.2026737324445522,1.2600829017301287,1.1792584075029806,0.9934020838907162,1.3229040004546262,1.3974907226516609,3,2,normal
-0.5152904037238283,-0.5461977698440459,-0.8806891303636889,1.656699011545377,0.8239649839559539,-0.3327570332934716,-0.23096739020626855,0.6496455531976083,-1.234412236976329,-0.9911175115925158,-1.7805216938312785,0.3263106895026602,3,0,normal
0.07481493521364772,0.7662904574776072,0.799820313976085,-1.3511159531953423,0.19163898364967366,-0.36959517861494773,0.42423209824704766,-0.6150510015777164,-0.09758576474849093,-1.624833087202482,-0.5877285085097866,-1.594629981248646,3,2,normal
0.414933626425224,-0.7276063779634014,-1.496636065806458,-0.23441042744112936,1.4727260611267896,0.10128787917759034,-1.119786490811101,-0.5907402036574207,0.02432921589329895,0.3537556932187331,-0.258227163355423,-0.7698130543278646,1,2,normal
-0.5615240276861009,0.7136947037418454,-1.1067212597589267,-0.8159243626892108,-0.0029876492048288013,3.0964692071957414,1.6544697753782398,-0.717158668056956,0.26279112039952046,-0.12428007012701046,0.10000341704947058,1.1414787418683123,3,2,attack
-1.14411794776896,-0.2165604934871715,0.620144642148871,1.109363542360094,-1.6837249997731758,1.0591828698166408,-1.2184771021046672,-0.20502031291534745,-0.01776747772123009,0.17927296345270163,-0.6235528351375175,0.4893660911150932,3,1,normal
-0.670895019457495,-0.7780929141453649,1.124109712072788,0.4437509395012571,1.0156987292811128,0.7250100521963657,0.11923152832565036,2.2596241959887027,-0.867841177532254,-1.5222350349366283,1.628480043781423,-1.68883246218679,0,3,normal
0.8039774294660518,-0.9856103432761589,-1.6789063140828824,0.9506355418275728,0.15285268998919097,0.08990481133610355,-0.917564205316542,0.05034818538555051,0.5482931078749737,0.6929666450975187,0.48640338978924336,-1.1817674511600271,0,2,normal
-0.09000043905245358,-1.9489513271186716,0.27871588588650115,-0.4448175347502729,-1.198357814771526,-0.022168521024756294,-0.7567795757913071,-0.1515327568992819,-0.8493912018907352,0.3782420988835377,-0.33004698552050393,-1.9843076971983924,3,1,normal
1.125954461138238,0.26654450381893147,-0.5062482529222918,0.23800483077029172,0.6043524254693851,-2.5860128478211406,-1.019934879666846,0.5959735831169595,-0.018954614425013793,-1.3157290223593832,-0.040874080817476316,-1.452128490437266,0,3,normal
0.8316690371147214,0.5773713108293074,-0.32409115724538373,-0.16132361230579031,-0.07248343928624142,0.5725172868825987,-0.31973886049874023,0.7751413677349563,1.4053194327101273,1.8402982775389882,0.16930729203585734,-1.1761465729604565,1,0,normal
0.46223972713818356,-0.090731849913191,-0.9616003063449827,-0.42258833729282774,-1.235061073920845,-0.4283342690486799,-0.2283969627955335,-0.913100480863625,-0.7603198854521008,-0.5748547160376835,0.252324841363049,-1.018768662823156,2,3,normal
-0.3590214756548228,0.4669669023134341,-1.7200792761350063,-0.22889798668760253,1.35430995005062,-2.527335489112589,0.5665717688310911,1.5685854434936362,-0.05627380237398843,-0.6746838410990161,1.006512282704573,0.827147230670717,3,2,attack
0.401841843658131,1.6560818419970207,-1.308639586248998,1.357724868930586,-0.08780140321137883,1.2837575997572794,1.598194342442869,0.5544073744507646,0.16989095997843096,-0.5025763512474929,-0.26756916603709074,-1.4408466038874732,3,1,normal
1.1228883797088187,0.47794615838855214,0.18298183774368265,0.224909414961849,0.41425373403235577,1.9479983440531967,0.4313000865028048,-0.2718743122068782,0.6203304048517899,-0.5165617395157216,0.10062434499385842,0.248319970395252,1,2,attack
0.8956872500359578,-0.18819296190551538,0.7444143465389294,0.17444121085957714,-1.0886468787154235,-0.5611006214024177,0.1376686761748878,2.07845258365844,-0.02556528681481518,0.048840689335650916,0.05229813608453449,-1.8043841528199185,0,1,normal
-1.6172739296094325,-0.01416186397437074,0.0644995861996448,-0.5164479228676664,0.4931790083684987,-0.3734233238661883,0.8154388244990861,-2.184549873035363,0.6313585480869032,1.4642007272376325,0.012670519433553448,-2.1528367956991583,0,3,normal
-0.29122131871374507,-2.6290127473045963,1.114793591739552,-0.4973947332847833,1.0465780131398383,-1.4187017192512237,-0.17360586216391524,-0.4133696934683743,0.49189803429551393,1.5298974957664182,0.12074681783556544,-0.3108910345240209,3,3,normal
-0.9298309266449448,0.2719116729452415,0.6021967607156279,-0.5244131174076547,0.2629018642093617,0.4463991648572562,0.19908256802551227,0.016017301136303324,0.03438311412286001,2.320525371230605,1.0834498776329216,0.7293542011498678,2,3,attack
0.17719788181960167,-0.18450213466772322,-0.010858342457128458,0.08015051019101974,-1.9764104405734289,-0.2828462054665386,-0.17190465609390204,-1.310654222909819,0.2671001360576093,-0.48321826876825713,-0.013655409964792548,1.8422494102252593,1,1,normal
-0.44785477428124604,1.6547900358884602,-0.9614545535758592,0.47085626516952517,0.7473030395667907,-0.142559011101183,-0.029661638441431663,-0.5604481992543074,-1.1571220753463396,-0.7559806176658016,-1.610797980640402,-0.045230295533007885,0,0,normal
2.002522874228222,1.1514533434192376,-0.2977636079162398,-2.189896511630426,1.3419851732582038,-0.038568176785193205,1.2122474138730244,-1.3793173763660234,-2.15758237512245,0.35061744673662193,0.6337406142358244,0.5803159871876661,3,1,normal
-1.1796615122178677,-1.7079625177177955,-0.28142746935609997,0.9606762982793703,-1.4389974913651973,0.5737098037966734,-0.9208133486080373,-1.7940101481297042,0.18282943807367094,-1.3520167371525216,0.8245412194426481,-0.3558864128529183,0,2,normal
2.08199974225299,-0.1619365396154549,-0.9461625701254487,-0.1909552360582081,-0.9618310612253343,-0.8892272665365604,0.623143477657416,0.822676690786755,2.0260076609942526,-0.47862245522951363,-0.7920185539988325,0.7901540545095571,2,1,normal
2.374842519798749,-1.0640342422200821,-1.1900290313739226,-0.6645251897212601,1.5896660717906308,0.16932277407421434,0.35059839458397923,-1.053804564976479,0.7138991570212444,0.7231508133256938,-0.15604945096524075,-0.07181675668349283,1,0,attack
-0.11071829352676163,-1.5740048006751457,0.7543996672139015,0.6555996334710981,0.03972434496713958,-1.5811914980296646,-0.5637190079449016,0.047809546266790966,-1.109790864049363,-2.0757354227905696,-0.14287679085989738,-0.832636969023377,3,3,normal
-0.8046810107036589,-0.6864854128746537,0.19368889766334185,0.19443703441138316,0.4199402975328447,-0.3622886860238391,-0.3112007927075389,0.2862098154276442,0.8628937535542127,1.5043128938726757,-0.9980363762558939,0.2419441401254892,0,0,normal
-0.16455912050396437,0.5945417595135927,-2.019845299305656,-0.12335868519028981,-1.6715559538846716,2.0010007638748055,1.9771168440722389,0.3078592599171128,1.782077684269041,0.646947866458719,0.3235539749326149,-0.4430554279760966,3,0,normal
-0.19887446158568495,-0.8655703885098631,1.7525124126237723,0.7345146023445913,-0.8110744501912703,0.3000751929021427,0.2556115456950241,0.9828771434517308,-0.1617132162619424,-0.309471851811038,1.0760261334218595,-0.23018145034343523,2,2,normal
1.38624196509533,0.6181878589890901,-1.0161166744622132,0.19364344242549913,-0.6219386381710574,1.32846747844654,-0.2562023880463557,-1.576960546055907,0.36662948887854463,1.356973590824871,-0.04640226536078474,0.9709186477319173,2,3,normal
-0.5589838894520922,-0.45204936605759993,-0.9997072767458195,-0.8527411277044878,-0.27758982850083214,-0.13582710829496272,-0.4854929355867613,0.8926731076859798,-2.551914678444863,0.7706023817874489,0.43843686385611047,-0.09962682552701436,3,3,normal
0.757674220088103,-0.5560085302024762,0.3950884860174725,0.021803944072629665,-1.042140484338027,-1.7971137283573435,-0.27114995762603294,-0.4873448933578533,1.2617557120564082,-1.037226063972829,0.7410557482977321,0.0027931579119017344,3,2,normal
-0.39346280337103856,0.2741833881182734,-0.4562677781236278,1.6493868226374304,-1.717004140551506,1.1252775277992755,0.2861303302767455,0.0547097210360667,-0.009653555441306107,-0.24969222225639512,-0.07811815833059366,1.242169588805244,2,3,attack
1.8970872227215314,-0.3322979123294926,0.19715168095333585,-0.2561432663070046,-0.3020691044498388,-1.7437502819738673,-0.20297928604533721,0.706400299372876,0.6083555928100705,-0.1794434735280752,0.07976156593924581,2.6072951646258935,1,1,attack
0.40687223764067976,-0.014740920264727614,1.3063419848964077,-1.0471107496177747,2.1136430636650547,1.06865228140152,0.3342796450858705,1.9454157652841255,0.10529386572938083,-1.0145101389871927,-1.1830095454168819,-0.9453731755468565,2,3,normal
0.5606672021066043,0.43534790449657573,-2.018374507312562,1.0102885325402449,0.44474862602798754,1.5668786859403883,1.8288659974055734,-0.166282306131422,-0.7059109152666008,-0.7908211684444236,1.2977417273618401,-0.1163878225625074,0,2,normal
-1.7597384917450898,-1.0251790359288047,1.8744277846839663,0.4162702536427496,1.2338423648615071,0.1608587197850132,-0.3298428977006743,-1.3164347942117967,0.873674349337106,-2.295968566030075,1.7234401076637318,-1.4135295574028999,3,0,normal
-0.8194410455237399,0.446239533232662,-1.0685369162257004,-0.8725312557486105,1.6434959227745058,0.23048202807323517,0.26052570284515697,-1.1499160577456746,-0.21999787331656048,0.7462769261086323,0.8002338190973124,-1.291367422110897,3,0,normal
-0.5446368868454297,-1.8194914471052719,-0.45171534040770905,-1.270986210542008,-0.12454471926086384,1.6550818294714047,0.5658774036868154,0.7963554087005958,1.4468628190715336,0.2786783695667765,0.30371769221587874,-2.6482251624080804,0,0,normal
0.3382468239865851,0.7060525133174677,0.9592905276667439,0.30451050098139415,0.12548146265026572,-0.19227737049706395,1.4082446494289609,0.43683848090215555,0.7095801992843096,-1.552918345498049,1.3178648985772434,1.7500480784677492,3,2,attack
-0.02569058245247921,-0.4905253373135973,0.805484722959028,-0.004648947760374114,1.3995489544685704,0.4921461232062865,0.3301759066938526,-0.8484730850727642,0.1740909205761067,0.3182149355323072,0.776486510320449,0.2974400651381548,0,1,normal
1.1157478225815378,1.3525593772998854,-0.2608807925405756,0.5077742001450888,-0.01534928904041074,0.8021951329151511,-0.9186232390090192,1.3356829112929007,-0.7102330019735039,0.885820746559146,-1.1625297265451258,1.5919723326112019,1,1,attack
0.4167721111032896,0.05938275915045099,-2.0096677545825474,-1.4315471883269522,-0.08730944792275402,-1.1307688915921434,-0.866038433335058,-1.7213407740616538,0.3140458230818186,0.3489422887751815,0.7223712766738439,-0.8961338072843525,3,3,normal
1.4901397635307543,-0.4257519991515459,0.22040066519181156,-0.26752583237332983,-0.5327948838979886,-0.19056104500756166,0.21230926930465374,1.2383464163574252,0.36089467154243987,0.17533570398531223,-0.21007040145333075,3.779976042952285,1,3,attack
-0.169793795346731,-0.02527868915509972,0.9679198357468826,1.6914227404242432,0.272830781060713,-0.4461016726314077,0.9018068978932315,1.6175440458516264,-1.6438130250945444,0.5060345013505168,1.830398617542501,-0.43568602172346876,0,3,normal
1.0314481029585207,-0.406582201771284,-0.31401260780964113,1.7334154685171683,0.44959301176299366,0.1412902325316569,0.16665315686431376,1.652040091113158,-0.5871512288123756,-0.36481008236995655,1.438332087962022,1.6832509034879848,2,1,attack
-1.3657247648264372,-0.11890175218174909,-0.19683696201009082,-1.4345621336129597,1.6261938715715762,0.2997313809147961,-0.31888372670290627,-1.0494728636109987,-0.08955692657271552,1.0806873381790458,-1.3546954815974106,-0.8130152011167778,2,1,normal
-0.5047580834633022,1.3098764987020375,0.08603740639743379,1.2176958311185808,-0.9966586833450322,1.0791323608420915,1.5473971141825393,-1.236090624854432,-0.2026989738799162,0.6328468439770676,0.5181690463244387,-1.821730052763857,1,3,normal
2.007685577517884,-0.3164394929305245,1.3807708103489365,-0.07058639288345406,-0.39866426379381914,-0.532346138149289,-0.6371620698546692,-0.42915809292352153,1.0012859924415816,-0.9398721572956668,1.1548272551541934,0.5789302273724691,3,0,normal
-0.6283805949985967,-0.02989935652809067,0.6039362617915912,0.5922080540450397,-0.8051639459332702,-0.6713887690797783,1.1218775720002647,-0.1210907941843165,-1.3391904189296748,0.04521057904551527,1.4685148145661562,-0.16339073543481883,1,3,normal
-1.3681063720786242,1.2656084663775973,-0.3383680967780843,-1.8375037338527878,0.6274695532756318,-1.5764496380411386,0.6837839174036625,0.4728734218949922,0.7297928925525387,0.3053824620081523,-0.2696716114517173,2.4057884572895167,2,1,normal
-1.7348211951266952,0.26613281599114397,-0.8361067917518039,-0.2930701645491386,0.5191001956975809,-0.2728221472739356,0.6377457460649556,-0.9501604783532098,-0.8103841066198563,1.529319617866915,1.863201976696745,0.5003311168579468,2,3,normal
-0.0008922148550990042,1.9612900942105982,-2.6160393967337097,0.8110476625497285,2.013605853876152,1.1595461003756682,1.645270876555317,0.3622676513914996,-0.5790346193785075,-2.2683234785379285,0.29930296268554685,0.6353984020965856,0,1,attack
-0.5905733915861653,-1.08838746208142,-0.13555865177738854,-0.10863567551823188,0.8038008713125636,-0.9072423951980948,0.9096327987121026,-0.053925706936331134,1.0690980067006597,-0.7992537252401608,0.7908123657853395,-0.3850246165826166,1,2,normal
1.6832126525966464,0.006528199660962691,-1.5304521455794142,-0.590066347300164,0.09845305670061351,0.5137509490209474,-0.34580862593279243,-0.5298394542840368,1.395754928795549,0.45190011970079236,0.3721760654740846,-0.30584650018026216,3,0,normal
-0.6159437358951866,0.3795454048115234,-0.7083641736547114,0.03875288617793029,-0.3947426371806505,-1.6034473336792299,-1.6414666478966067,1.2150667433662263,0.21910332391134413,0.7467323857568263,-1.4044121069996849,0.11038575631448183,1,3,normal
-0.553985009756182,-1.190698712690473,-1.590177700313973,0.5887312642188749,0.2000693689064518,0.4626421149521044,1.1611104564857382,-0.06530250647634911,0.26767091633358403,-1.0474267880392132,-0.15892890386570624,0.04101233473762359,3,0,normal
0.3240951275635602,0.8255421210542884,1.732775830736635,-0.7775112945028544,-1.2548659913617628,1.7573144943142398,0.7638709003637568,1.0602878001109426,-0.9121592776110758,0.785651032300023,0.3656631023988643,1.2710046344714159,1,0,normal
0.9660961663366301,1.7567650140574775,-2.1739008282467833,-0.2740634454674275,1.552577515383102,-0.0654637617926316,0.24023437151188382,-1.240634987314266,-0.14506819083895148,-1.0074014504970974,0.13972213763346705,-1.2413615387402805,3,0,normal
-0.422384987905898,0.6122216650649667,-1.1114983652502992,-0.7495468788725885,-0.8657863815100048,-0.5696241985589673,0.45119677075965503,-0.6577067336392538,-0.2776575586340128,0.5568912776066447,-2.542331161263983,0.28504037535778437,0,0,normal
0.335581050513696,-0.6366962282393761,-0.4836150288084326,0.5045034905888542,0.6005796521075019,0.16511880389628086,0.8801312926257623,-2.032210850802234,-1.8893303580966039,0.5909129619562556,0.8224417176387016,0.7937071421635737,0,0,normal
-0.4069254399471382,-0.28965030355860694,1.7923303924823462,-1.5417273879290656,0.07405118733306397,-1.0268706399770442,-0.4945195063769077,0.2576984515970373,0.40623198718907333,-0.7428477960197591,1.0186968047037643,1.498958148254868,0,3,normal
-0.7735267779904895,0.21224818082863126,-1.3155809184095264,0.6702936035094135,0.9524573502582893,-0.7861018266780472,0.8932478945500524,-0.12939639522789853,-2.4817209844233425,1.1054918610908242,0.1784181554947349,-0.21084492303709929,3,0,normal
0.08155136274338719,0.3645269382318189,-1.0929003953141276,-0.269984122396044,0.52188468589708,0.4640395084259543,-0.3512560752024819,-0.4334798485732588,0.9651395178479033,-0.4907481604128489,1.2386827212887945,-2.40670614412622,1,2,normal
-1.3957640689350321,1.8473554593164487,-1.5815897601660132,-1.2610701647967322,-1.6241079417550954,1.820020957659589,-0.14931652193582295,0.34330908668934207,-0.9368265316463589,-0.2300363090988373,-0.6023682325304283,0.6232444587005237,2,0,normal
1.5004657496665843,1.5000318545479774,-1.7013447830878754,-0.5294786731529164,0.6242018846773335,1.3719670846121292,-0.3476755212205663,-0.03708266508180172,0.8724876916394032,0.00387270137432406,1.5045091195273654,-1.0750402235600138,3,1,normal
-0.9996437365567384,-1.2294224507155584,-0.6007152150561293,-0.4274906185124253,0.4378511251168234,-0.825023924832522,0.24728560863541715,-0.32524077101428267,-0.7161361404722644,0.5107692587916809,2.566375935212465,-1.1271200329150892,3,2,normal
-0.30606230689311215,-1.1791919762347052,0.39232234374936975,-0.6970646550558494,2.2778818062141317,0.1264242723963754,-1.0555754086278184,-1.6198838374455204,1.339477235799821,0.8940176129896132,1.5561854383638973,-1.182985923258329,1,1,normal
0.18333419026005077,-0.9937892845618433,1.7714664647256098,-1.3858083726991923,1.0818491942432125,0.3067118161701234,0.21700804612793465,0.13392602473102522,0.3526832075720401,0.6687031378348661,-0.6387348151372636,-0.6759384012051249,0,1,normal
-0.2800296047216367,0.06250796614052521,0.27479339603968933,-0.026297390522589875,0.4339736146672465,0.3869310611042399,0.9416131776463976,0.36723429860706475,-1.5190238233983802,-1.0502052509477209,-0.3516157717201594,0.5069473536181816,3,0,normal
-1.5517928702815624,0.8471802387826627,-0.9684686443750873,1.484838893900682,0.9667368002208694,0.3705713515408257,1.4488249821054928,0.9592802198615185,-0.6865806173759985,1.272502439032288,-2.279101213736805,-0.6732156860938001,2,2,normal
-1.448390500332132,0.49258518058239004,0.9437618955666168,-1.3687904570135108,-1.3503742807891947,-0.6447357757307288,-0.4040832353538564,-0.42845850120449086,0.34073669468101947,1.3596472006645148,2.033375417378849,2.346357657496121,2,2,normal
0.7285180448806842,-0.26276687450237646,-0.1888805233330681,-0.5350256734525267,-0.20546939987527696,1.075033653707511,-0.3421538354792169,-0.6744572878607964,0.2279737419573759,-0.8421635830773547,-0.8798694676313487,0.46407779403809907,1,1,normal
-1.086261856913504,1.3645611985757429,-1.264968031078656,-0.6512341853362854,0.31733730215655176,-0.3622278790569626,0.7280261769157836,0.29621774488417624,-0.33264767330878137,-0.8320446872675225,1.858324774233247,0.41279626945757447,2,1,normal
-0.2052530678356214,-0.5331151135791856,-0.3089062418610792,0.013766062117398946,0.7430802031056727,0.2274811242519078,-0.32149089807283027,-1.2215551421099378,-0.762228706157115,-2.12294171026185,0.5816002456522902,0.42330069787821595,0,1,normal
1.2914330689401343,-1.1677383250496145,1.22219092859144,0.899844420512106,2.310228577451931,-2.416821395978548,-1.5481702720837207,-1.5615530716387673,0.04731940161978557,-0.07756003797805389,0.033774431206314834,-0.24598566296910312,3,2,normal
-0.06042079110244994,0.5167149743660926,-0.4967780233209646,-0.510920625801441,-0.4315981048020347,-1.9884720077393478,0.5230747497352273,-0.6295624795129612,-0.25187772035444184,-0.017537098966709772,0.879311472141965,1.0466296216162216,0,2,normal
1.4008190636396674,-0.02164704929685347,-0.13568320341862364,0.15737628306974455,-0.05975096253097728,0.5179731204676497,-0.5456996257965889,-0.6767781441366018,-1.318853426484817,0.03325678576014383,-1.8896824081332155,-0.14084050084845942,2,3,normal
-0.37129134625913784,2.4549007220715153,1.374817732013166,-0.2501582407301847,1.033142179268871,0.4331755098946016,-0.07185769796978053,-1.0334229185989177,0.2157015907722212,-1.9368376589011291,-0.453784202530386,-0.0762443890166865,0,1,normal
-0.5099776159422137,0.25452284111229595,-1.3050808569533285,-0.20133773425347165,-0.5781061002817253,-0.6087449327744578,1.1018266580937606,-1.1534441600515528,0.8724321766074687,-1.298291983752163,-0.7299954662257702,0.7299729692673438,2,2,normal
-0.05458998770970345,-0.5127654193741448,0.31878743652391944,-1.674217095492269,-0.29254826690704056,1.1263157503641856,-1.6593076590883546,-0.49979493092733807,-0.7286803579497501,0.4666191415266661,-1.3871210749221188,0.22040213662139288,0,2,normal
-1.2036401643613606,-1.3122511429539008,-0.955910130536805,0.4978729763079849,-0.5960933122719851,-1.4830846891995169,-0.6212877401198169,0.2574766937274539,0.07380204949735318,-0.8489717822302574,-0.11727912113596113,2.0088254858316437,1,1,normal
0.8588561153503464,1.6562660266292055,1.1372915401340635,-0.563598676122769,0.7522430479934916,0.3959941774901199,-0.18884112319748364,-0.17475995775278197,-0.8241506008641938,-1.8584227251452892,0.2675436351825802,0.13369841648750122,3,1,normal
-1.584005522623414,0.4376368758750986,2.0669310056978585,-0.3966845154145185,-0.032260151730506094,-0.10748010074525002,-0.10155579102591655,0.03729826339814117,0.8717208180595836,0.5919623991430252,-1.2293984000498468,-1.4639880824020526,3,3,normal
1.6110667219680144,0.664388444045741,-1.0988283934101082,0.041622835674043304,-0.6356285231880194,0.797659860298591,0.3008107054636397,0.1136020707878322,-0.04738128897076976,2.1781271865935063,0.5836183505477843,0.18972238297587674,0,2,attack
-0.5525507654666995,-0.8502027960051317,1.2771488504525765,-0.18334850964133068,0.5115745803893846,0.9287764624972641,-0.33835020199712773,0.1797788618852967,-0.5108614921209128,-2.090406553871535,-0.3540805791043203,-0.7598572709329959,0,2,normal
-0.29011118953082043,1.4502728539085117,0.2625013756937993,0.9722320992465551,0.18184505787504354,-0.3745443422516377,-1.0414900653332793,-0.5415006672557839,-0.2088929492774707,-0.7762290958911083,-0.13782858617064236,-0.46237275140116857,2,3,normal
-0.41605051000535415,-0.6331195687059907,1.1639593381390783,-0.15735397153439942,-1.1163761095673055,-1.5720207413084506,1.0632152766117646,0.14940850771268774,-0.05993181164550284,0.7872857473541719,-2.07448528227772,-0.7849886919933103,0,1,normal
-0.9847090268306125,-1.6402514483517394,-1.156742786270692,0.38454083528385863,-1.3343177378342057,-0.4146461082532135,-0.1308647137357615,0.04958797470000299,1.6671563695330616,1.898267535423515,1.4518102877291068,-1.031172482477543,2,2,normal
-2.0914041400705554,1.3491488378019512,1.4339245234931493,-1.3632731243448064,-0.632324290242263,0.2629936614805648,-0.9334612713413205,-1.0707382757809458,-1.303299335105295,-0.07149612306375694,-0.8140793412257686,0.15633686528431912,1,2,normal
-1.0400932189899343,-0.07984469665186436,-2.0041575837499312,0.6125304807448799,0.7344297541275744,0.6632212013847434,1.2545563601560707,-1.7189780680046196,1.602594549049855,-1.1382265479819673,-0.7622005333835151,-1.1358980094788027,1,0,normal
0.29773267272160714,1.3174360781201349,1.948914412273714,0.10891521310012138,-1.1957249282946243,-0.12616670399251156,-0.8714996717460652,-0.07379312180922389,0.5519060410306713,1.3098789688821684,-2.4114426452322246,0.13202252463234093,0,0,normal
1.4686477311747177,-0.3422222866427224,0.7493984511157786,-0.3472283812523843,0.13999589266605952,-0.07053450046036845,0.6855366154021008,0.625203635422124,-0.8031475803525786,0.5047515473982906,-0.4678243261083886,-0.8020050368221743,0,1,normal
-0.5312295580500522,-1.499100825089288,-0.5044594923984588,-0.5795934972783204,0.2537664059393396,-0.47397687994364884,0.04151104485780743,-0.15750407954033965,-0.6924120549874304,-0.7276099911876321,-0.5388033500978544,-2.091103974212478,1,1,normal
0.8395587523065082,0.04724363131546225,0.8558496828194254,0.15785984768184813,0.8324456904654416,0.6535881116194769,-2.471034963692887,-0.4431993976006531,1.1952442839756405,-0.23867443325382706,1.2907621976464811,0.9156585110170411,1,2,attack
-1.271228275134024,-0.7703409372734137,-0.23342418570308152,-1.0850172578623043,-0.34466089534077615,0.0967839200438341,0.08716931462470691,0.16976390497410643,-0.14557770814698176,-0.11951319081002987,3.179258314467008,0.7189271315452458,0,0,normal
-0.6192499422401025,0.6456299974697848,-1.1601225730548705,-1.7472618544268703,-1.430215817033679,0.6151903096316171,1.2707754953224193,-2.092796596626544,1.0551298039448458,-1.1867233887710003,1.972696013039826,0.7728994421612247,2,3,normal
0.23921226263293935,0.10311836651253738,0.10961583430254548,-0.47613431474908663,-0.2505883585731012,0.2160201212421099,0.07516017612428293,-0.4371253796753148,-1.214904093204949,0.46915263496150555,-1.0746294327153862,0.12460399902665602,0,1,normal
-0.19309918041353416,0.395378877168878,-0.029399878353473123,-0.8063502104574891,0.9034258679133442,-0.9375651367371032,-0.926644316753811,-1.5939324866590927,-0.16731484428760632,-0.7933605006191766,0.6518773857940218,-0.19643277017323776,2,3,normal
0.3758445610635514,0.48470134797556036,0.6015006661484695,0.46798159546743734,0.2935267125044217,0.37984727247053474,-0.17906643760774055,-0.5425803827840874,-2.2273406088312644,0.4117762685138216,1.0442891162145946,0.28084454281158444,2,1,normal
-1.0633293607847645,0.4660769553014659,-1.9461004100393455,-0.6354271143438188,2.460747489448254,0.8441663472624183,0.13231579106274252,0.22924855602505073,-2.249495421374168,-0.8578726268590008,1.6306599550977938,0.45024932445231525,3,0,normal
0.5013596093218692,1.242028835494218,0.12814544794707672,-0.2576324556742203,-0.18728806094922842,0.9576939475613611,-1.0922846830708262,1.6621609890019364,-0.3369728415420952,0.5768720164395936,2.7854812175162467,0.29337967365263706,1,2,attack
-0.2978962661388132,-1.2164691651663724,0.23446355713617056,1.1930882304194728,0.8964225362328753,-1.5424742304141277,0.9808949080485352,0.7157132269027365,-0.18893425599601876,-2.2672918562080944,0.05944939107417042,-1.1351442912037601,1,3,normal
1.1337734057230613,-0.7059921308187774,-0.19684049487208694,0.7335587709859576,0.9268124614490716,-0.5248008885732472,-0.006254493995626524,0.21156946900354745,-0.5621544280550385,-0.792911843607049,-0.4179464363011072,-0.36959613843936545,0,1,normal
0.09623185489312577,1.1966049560560006,-0.14008091710375872,-0.002179723890848054,-0.013600356296602,-0.7954836308768258,-0.7377282822475407,-0.3268747268746056,2.3891077665676197,0.1133759257363195,0.8148565630151833,0.5563250981649508,2,1,normal
1.1178132487295145,-0.5750036503891304,-0.9757678021862776,0.2385951155695043,0.2728560642618598,1.3366250137982816,-0.15539566597532786,-1.6705777820600305,-0.6265923677206354,0.6253041262103802,1.0808440293096198,0.17116774499306983,3,3,normal
0.2906769925630699,-0.17845319465976375,-0.12174747851841568,0.4460595152012749,-0.2981363602770244,-2.5944592237280295,0.8223934585749906,-0.5325424402862148,-1.983379187972475,-1.2433347272008641,0.4073944908352568,2.342467599890022,2,0,normal
1.312293410938738,0.1895502235430909,-0.6479233846289523,-0.9153183893786515,1.528693891816851,-0.3562324634748797,0.6737343515159737,-0.5405748150714711,-0.4809010936168262,-0.2110109215370262,0.4082539669878654,-0.7161405242858663,2,2,normal
1.768283441147185,-0.6028601700703252,1.11465107365281,0.6287228464458368,0.4062358187782121,0.7444935071715686,0.4832274945803582,-1.2419998928330203,0.49641599839713224,2.104926245085668,0.3786600631285236,-2.521045751121144,2,0,normal
-0.020934053820679553,1.3182812370951948,0.7223148652072996,-1.3848928252878454,0.5541763618259408,0.798777324318757,-2.370142611954535,0.41171003191241407,1.315782512741203,-0.8988166751697434,1.5231244782938917,-0.9765519001770786,3,1,normal
1.1701888235471303,-0.16776639786693487,0.37393118172913586,0.26564944777992283,1.326793217314385,0.09608326339613847,-0.7685512953104823,-0.2311881274323303,-0.31523440111539175,1.9741102372574129,-1.275143334784174,0.3817259074887422,2,0,normal
0.7041018471080048,-0.26799403517072884,-0.8179878255200744,0.9921629458446846,0.2283974958068367,-0.02302021158107305,1.0937830349059896,0.7726287913119434,0.4135370115417614,-0.5431296712456242,0.3829067125240281,-1.347520892245441,3,1,normal
-0.040459594912440326,1.8063165097610816,1.1768038910408214,0.6150953286000516,-0.4043949037036928,0.7862103107413222,0.604177938049237,0.1763649072262187,1.4291941832386708,0.5695096714153072,0.6952357291246133,-0.7661858310389512,3,1,attack
1.1169656622615172,-0.6682160217063842,-0.12704536020467472,0.752165893494494,0.392373082262498,-0.6251624169704979,-1.247818641023985,1.7024993014637317,-1.111453154892351,-1.3974804312309221,-1.3215562106232384,0.7097921410090337,2,0,normal
0.30430607223679956,0.9675016997416173,0.06440984493236002,-2.3923413676013108,0.44221119755301186,0.3904659175199536,1.7538509026733238,-0.39722044446404975,-0.4996741661222974,-0.6067242247095996,-0.34051668186149175,-0.069699352563551,1,0,normal
0.5394801378677531,0.5414694129007678,-1.1141793452987234,-0.6384824049567642,1.2175741775298936,0.3290880952908206,-0.00039377922296317844,0.5227988912163192,-0.8185151414867192,-0.8191095529884194,0.5295586862343613,-0.6896073856407786,3,2,normal
-0.04346133137153341,-1.6320367732382357,0.2658512210963857,-1.3223173385982263,-0.5561207990775987,-0.7975979041237634,-0.01557714905295756,-1.4957697817263145,1.180531719566452,-0.2992594837565974,0.8879518086601387,-0.8844398673399845,2,0,normal
-0.21467157006522064,0.07565984816029814,-0.09930429779144603,-1.0633038371780712,0.8696074398784795,-0.7678101108554599,1.0373574076793757,-0.44360652125638517,1.2156503885563108,0.38962579052181784,0.584253792938869,-0.2177473139032885,3,2,normal
-2.3833810749939603,-0.48839239910411497,0.5102304197868106,-1.3654830428827747,-0.6275813999010121,0.6083927080957251,-1.308215353380845,-0.22443648989984177,-1.6733529480942217,-0.6939527888536119,1.0457935232727236,0.46408058109008127,3,0,normal
0.9129441638453956,-1.3098911826255617,1.2486587521320838,-0.09192339268737085,-1.6610427105594778,-0.36917315892796937,1.4021948119347079,-0.4485242886543534,-1.2341789439533741,-1.0799774435722096,0.4867874100874183,0.5527766204670445,3,2,normal
-0.10221051893440257,0.4170598626110188,0.2789600221725484,-0.2849829630340649,-0.654384814009359,0.12816799377168142,1.938661867277003,-1.4682867134940374,-1.0461491743377291,-0.16076600932959687,0.3552783842473502,3.2343347370607956,3,1,attack
1.9943778617505092,0.7864318284798695,-0.25369278389051486,-0.6642739843716939,-0.5097066880353964,-0.7918868057988071,-0.3761551286720971,0.12416419560951542,2.2086013807681497,-1.0978156489909703,0.39282134287359066,-0.12772910886838845,1,1,normal
1.238397140920295,-0.9797368424547899,-0.6515507039140099,-0.5280059331016344,-0.16755148236712836,-0.4003643423055425,0.45611065911506293,-0.7797453462779458,1.0956316483217372,-0.4233034064267905,-1.2273774292601398,1.149541922656258,0,2,normal
-0.5141864778266355,-1.280433560238015,-0.43079316248312166,0.007286834901803109,-1.811897154266482,1.216345532899762,0.8902004171257905,0.3435809519243845,0.9504033765906812,-0.7467310770200408,0.25716510314542224,-0.2619214649332128,3,1,normal
0.7425751035977368,0.23477505297842421,0.604991994968551,-0.11414689092372375,-1.3278123974994265,0.26106351262260225,-0.029749605494298545,-0.4315526292931295,-0.3368828934626018,0.9541940029064601,-0.3215861677627145,0.004640678486131166,3,2,normal
0.22931343487121164,-0.8004648761191031,1.6020613984603747,1.7225014485494574,-0.4843236825513033,-0.6950579419790712,-1.7733513889830228,-1.8236088648799893,-1.7586155618683876,-0.7503993127416257,-1.013670609840259,1.4055241608363718,3,3,normal
-1.102234024513932,0.702584429745235,0.2434650379180272,0.6128130977073776,1.1965637428551024,-0.5491214775198373,-0.9639688857230192,-1.1307554776368038,-1.517034969602162,-1.6408783749887472,-2.659308948470187,1.086990687512073,3,1,normal
-2.7274749066995785,0.3560697277631855,-0.2611162556205259,-0.060442085214590074,0.8202331357085574,0.416753869362914,-1.0168161905895368,-0.8648102964762542,-0.2332799115438086,0.6696600350670737,0.06645034438295969,-0.9893707337178664,1,1,normal
-0.040502723973200316,3.25161516169684,-1.7024757525158527,-1.5675394554017201,-0.4079226814522233,1.5099885423079267,0.14950617509185088,1.398216935605766,-0.452248495314874,-0.31816030274618196,-0.15492679578585455,1.3725664466842116,2,0,attack
-0.7818634968243563,-0.19283022563183014,-0.0327116397121906,-0.8756461006509146,-0.006292273795089922,-0.8205007373869035,0.6228593343717191,0.19504963616564516,-1.1554949861646846,0.6443736339176493,1.553965421762206,1.5287433987146573,2,1,normal
-1.9346401170175445,-0.571015874880335,0.45533582649098636,0.48195175057613004,2.2786260307684434,-0.9732538030701684,-1.183157145562249,1.1657755094703108,-2.33111726197986,-0.14148908191344092,0.2652753386168563,2.875994933883676,0,3,normal
-0.2804221389186246,1.8371635091417857,1.2122432747590717,0.8424269658711717,-2.0124123794366264,2.4774065230944164,-0.9549736648470522,0.8713312373072711,0.10151401658427785,1.3793387010820948,-0.5130562393230883,0.606845904007308,0,1,attack
0.6876711624306865,1.9171868348815555,-0.1701980030395465,-2.4603090056090884,-0.12019369351881866,-1.1508114131889753,-0.7280108093463364,1.3118483837659407,-1.6342042634653497,0.0422843262570467,0.8542314309582778,-0.9497251651775119,2,0,normal
0.010285424005634605,-0.4426757065924938,-0.12709872332320918,-0.771682494837068,0.40787106464885337,-0.21537844465073966,0.4108198349762132,-1.6445423480540193,-0.4326277905021464,0.5926839658591033,0.8826200000591684,-1.1560765808174465,0,3,normal
0.4384659158982505,-0.12543149044829618,-0.772638440224786,-1.349580637067319,-0.5239293317104857,0.4703787522845315,0.2386547949588428,-1.4046537447191423,0.19411791663884403,0.25520037886161756,-0.4437549433104186,-1.1683576815258314,1,1,normal
-0.18742675843070422,-0.9885172087053347,-0.3696979195245336,1.016308219094492,0.34757682527612227,-0.8027039076997556,-0.43717506684048685,1.890505831641573,0.6802391197230424,1.9537728454966843,-1.0579956566370248,1.1747883719241257,1,1,attack
-1.2419288682023446,0.8009670744506849,1.8478399243701715,0.24995100427299352,-0.2979991478350047,1.8802561464965764,-0.29539971278103516,1.0053951526206732,0.6716060608513269,-0.04308026185700958,0.33528046590963784,-1.4481161177604294,3,3,normal
-0.3038890315318066,1.0649798083608513,-1.2649333540552177,-0.1147981852670101,-0.8190783996559838,-0.7941297670223234,0.27454742726245995,1.2916559574646467,0.3787118003825538,0.9064483227006056,0.9272869834363274,-0.8443545208965917,1,0,normal
-1.8718815471076662,-1.2414458258787524,1.5470466758938741,2.3081231084788496,0.6629900860079082,-0.46058925944981965,0.10532801771740087,-1.8375213617081763,-0.8942459506722618,0.4158786302262216,-0.6033742109007361,-0.7940319138372303,3,3,normal
-0.8623462640473675,-1.1286508896131258,-0.0957901977379805,0.29681317330920304,0.08077064472327221,1.2750338203200353,-0.9655718666914713,-1.0763976579028354,0.45600439241522633,0.830543355894851,-0.3258562887114166,0.1110904312405905,2,3,normal
-0.47885192106028407,-1.1040383213760145,-1.4943081703103993,-0.5251763123059049,1.8127145991244547,-0.5420173582541125,1.2141276965185075,0.013055938854766688,-0.3815608724244808,0.32848868076429266,-0.10573442826688374,-0.2990048908101074,3,3,normal
0.6176821994952723,-1.7716173844804541,-0.7575816341954135,0.16272482784590245,0.18475663194235745,-0.0308057026397825,0.6952007303769037,-0.34692082726949536,1.0051185011713586,0.10968831662058796,-1.2388537392993526,-0.17808012258209133,3,2,normal
0.38632431279172735,0.6783921196261719,-0.5195855523586188,-2.1724988031104107,-0.8100517000199975,0.35392574428606915,1.3370928950473207,-0.02625659542320081,-0.2122369184926179,-0.6287409915897163,-1.7969162038619264,0.6605952711744291,0,2,normal
2.7237054087554524,0.2638816804257442,-0.6010564828353236,0.13302155190921375,-0.7622772550712203,1.2678722630749393,-0.09101777555697754,-0.7430637505291232,0.3175432981438581,-0.9645474550456351,0.4407927230647178,-0.13844246996837412,3,3,normal
-1.0747563567306317,-0.9390658491518793,0.3377336226523118,0.09153138021519845,1.7365778457676493,1.1645413381131429,-0.3915301200934362,-1.1939760004594717,0.31338160169492124,-0.017523483955345046,0.04637986636220061,-0.6657309790475899,3,1,normal
-1.3290368607765188,-0.012157758996682552,-2.0495543694817417,-0.42993149388365676,-1.6228543268712394,-1.0098003228862773,0.5129528242325121,-1.2778862140356986,-0.6387426370923004,1.489169216566889,0.7159192586625165,-0.8449432209426982,2,2,normal
0.4166874647994757,-0.11837277658060054,-0.2841383785934711,0.43469915218436117,-1.5802979199848535,-0.15846198340413423,1.1433586581731978,0.554437664809897,0.5713679861034844,-1.732897509342803,1.0832276748201692,0.21781141232080442,1,1,normal
-1.8109216234507493,-0.5752459468983644,0.2945868188601198,0.9899932691523159,-0.5624202889195463,-2.1358835374005536,0.1392235036946565,-0.658983668805205,-0.9888501767981823,-0.6349291213745614,0.48972438368260013,0.949872757056901,1,0,normal
1.4263325612360047,0.19062702351875666,-1.599014801122061,-0.14980812992754142,0.5710163471139438,0.37382392014510113,0.8826045532583041,-1.5935118959539663,-0.06419282575863225,0.9324450973679216,0.08049138308042983,-1.6220509156054062,3,3,normal
0.14059322211363975,-0.8210810201869544,-1.0909441173065113,0.19401091578497026,0.8070846441493191,-2.5901729758985677,1.790684648811924,-0.6034834221594871,1.310195137375497,0.5395609363841306,-0.16881652653564716,-0.8172192683736426,3,1,normal
0.3712208692808351,0.8737568941801412,-0.8547063655438774,1.5569384999372737,0.06678978604193853,0.607767827609626,-0.5197380446369799,-0.6875358100753205,1.153682970429481,0.3917800976885386,-0.14064480133926552,0.3147895180592657,3,3,attack
0.6665511793229181,0.3391792538081783,-0.6342155341065066,0.22693180495884446,1.1361573144224624,0.557697395104406,0.49281800635693274,0.07716345533570844,-0.6285755041081772,-0.7193360795274554,-0.7693292221842365,-1.366830087177168,0,3,attack
-1.996336861532416,-1.2162830982062236,0.5726143087661518,1.7980215881309811,1.8142893932185755,-0.605324865499236,-1.7326336486150702,0.5911916080510401,0.8196964787753142,1.1233912844208875,0.5364732223250452,-0.658548861657428,1,1,normal
-0.8285096804317129,-3.1349591568006225,-2.690760601646392,-0.8932010849461028,-0.36668807837112294,-0.3474542977986993,-1.5164712504911182,1.286727237270004,1.5554778363147561,0.7487312262793655,-0.01816743156976717,-0.7005051946159014,2,1,normal
0.7095439467992091,0.2621741559690499,-0.42267723942388713,-0.2727451523394111,1.9266423530399044,-1.9850428009957968,0.11597562113817425,0.5131598979955406,0.16356769795936268,-0.18072224215080093,-0.30317164519208806,0.28269676771655783,2,2,normal
-0.126122121620007,-0.5680565265304828,1.0805348266376793,0.4241939272288141,-0.7699295422687045,-2.2980571437280797,0.8267011816955485,2.403909007514993,1.1946698426936624,0.03837823766712166,-0.407715188321663,-2.909159097979593,2,3,normal
-0.7531322019031814,1.4591990728147914,-2.1494697576403285,1.70469113134932,-1.3514064027146904,0.227028513327839,0.43536751592545114,0.18044123808155393,0.18812448335344403,-0.25895583652304105,-0.9622861762747469,1.581994650360818,2,0,normal
0.2653252994626968,0.5880457648947168,-0.13124702183398618,0.03933645723605192,-2.00868660686833,-0.6202568448248162,1.177190489928766,-0.09774354657115279,0.12669226300846378,-1.7708542677910526,-1.250722589246171,-0.4007605892549772,3,0,normal
-1.4740851188841884,-0.8023875585983177,-0.002839451839981451,-0.48434518997376563,1.653033629065805,0.5355723186829748,0.11325969837980535,0.4568030076534746,0.21083389096268257,0.9773596179796811,1.564555143392958,0.4882257167762637,1,1,normal
-1.5696261943061962,-1.671534273358124,0.923418869369304,1.2113909486412988,-1.131735133604791,-1.4960733269466042,0.3046318735049496,-2.010810204833588,0.7065430026288787,-0.6903154815549336,-1.9361440082116463,0.33508696470267063,3,2,normal
1.5127727263598865,-1.176329570465381,2.4484565429009177,-0.22946050376614022,0.6051630037341215,-0.31840880696209467,0.3621961271833601,0.18740650562134706,-0.703633162095922,-1.0223121128843646,0.21395217314234008,-0.9958606472344557,2,2,normal
1.0773771257330493,-0.40608708716160014,-0.611409414306602,0.5281435715519065,-0.5967521164265102,-2.4243016089618514,-0.5139444045740341,0.20350609411585954,-0.08750313912823432,0.770592258274929,0.45797210536798955,0.4429004682959099,0,1,normal
-0.0029378634522909584,-2.858720549872871,1.2017176671227847,0.9995943525441019,0.5967808309862549,-0.08980173880733693,0.38697585190079686,-0.5293135390407295,1.6838872095470765,-0.5740439763601032,-0.02990554244279359,0.12427641532745075,2,0,attack
0.3375795338208614,0.4240603525677391,-0.5554800666244379,0.3721658015081231,0.045523314715939886,-0.24032855361637037,0.8178266531742474,-1.3641593761052069,0.6386117220886375,-0.1881810399384902,0.501628143742913,-0.0773694414858984,0,2,normal
-0.16718620786352867,0.014610564224170793,0.8368915803583996,-1.779837405304827,0.024572051460628377,-1.251057935646132,0.7094164272482756,0.34740645722439634,-0.9213913210088488,-0.4533981564097787,-0.3820234244879757,0.5703717919932106,2,2,normal
-0.17277069629737352,-0.5945523965150693,0.7679955286393156,-0.24124391101572315,-1.2551697642292057,-0.15669989867970097,-0.9841563896324049,-1.7333919055986562,0.8616057535787158,-1.241891595127286,0.6317653805107318,-0.6203694942627684,1,2,normal
0.40523486909619183,-0.6697135234334397,-1.1816351083179064,-0.0025684175805601316,1.34876058277141,-0.277002514930897,-1.9377645032783366,-0.7017673376556061,1.4298426190201639,-1.1667667037510587,-1.6907582249894775,-0.7484464339553119,0,1,normal
-1.3769532213196607,0.5561922683082081,0.1965322773849414,-0.3378363503783676,0.4971674206104474,-0.6364024877940265,0.7743403652046622,-0.13698477554528093,1.1611880555260092,-1.192556930346913,-0.9492955228032011,-0.9261249571367688,3,0,normal
-0.8552775973305785,-1.703058741756839,0.20366809436383723,-0.07000386118914546,1.3424630598331118,1.0767750851298314,-1.2958009734376652,-1.4677210956881879,0.7161751193856563,0.12889349632583214,-1.2499180801511716,-0.16100713299914582,2,1,normal
-0.8933285613929108,2.2861594572140924,-0.2470544357326196,0.16781884395145918,0.19320465864959452,0.2713969720567534,1.0984792116143152,1.1540619595995543,-0.8892429624216512,-1.319072578695301,1.5874605044487322,0.2612962391532044,2,0,normal
-2.5784241907405923,-0.5049696289285917,0.12504410431484553,-2.2222634496176736,1.062612742852545,-0.841608152316716,-1.2405978500811363,-0.6692130925882344,-1.250494675747363,0.6304020769780989,-1.274775259530215,0.7500651527279875,1,3,normal
1.5802872923660973,-0.9442615420808494,-0.01915308840461539,1.4482886252756624,-0.25010163127328777,-0.8559172960404025,0.5402377926127397,1.3103580374168182,1.221219448600025,0.4244775221621262,0.07063833300024511,0.38587687534394804,1,3,normal
0.20780317471369097,-0.8372437580028892,-0.3432376267395375,1.1509351651115585,0.08129963139923663,0.010344891970960252,-1.4364850199942834,-0.11778643795382347,0.08764457820559608,-0.16989859619750805,-1.187333277944286,-0.2904368709900381,3,3,normal
-0.23647524437178288,-0.16772349312208445,-0.07887862961217254,0.752049361427293,-0.24996890185132098,1.2608647715504655,-0.34381240020324116,0.29308737270347673,-0.6153404895390683,1.0939169517017269,-0.5134685080750605,1.6608891006368576,1,2,attack
0.37945534427945865,1.0521587105140977,0.6181537254354357,-0.9238126783991136,-0.6842904725978426,0.03424614667401449,-1.7924907056916315,0.6024318679963386,-1.7390784079699535,0.6875197789243005,-0.7067548574500465,1.2120015965468482,1,0,normal
0.6549460935282495,0.41727680956119473,2.5278947725990335,-1.0107168062905894,-1.0676188978131587,-0.40194926096357486,-0.8887486830052489,0.04851548727025696,1.1315487744298758,0.1496345246360949,1.486811834968168,-0.3450252524770269,1,2,normal
0.28884421099865354,-0.42556841918500665,-1.1673879644232077,0.6548890450626506,1.435235735390989,0.3405845989061398,-0.5029430420895287,-2.4560633801468654,-0.7281739074860497,0.7407010800651089,1.5325667499003786,-1.388530729487086,1,1,normal
0.7312846230724628,0.7657092537552901,-1.6860795589599735,-1.0325094666039303,0.624821611730215,0.08679828677310308,0.23376039938256463,0.47296658462559005,-0.5828371459646439,-2.221688795381579,-0.5416025714085646,-1.3574830528945865,2,3,normal
-0.3481073393353351,1.2138905078785671,0.4758666460068554,0.47857864269137207,1.949158597200753,-3.146201203099804,1.6927076370100524,-0.8475430171719506,-1.8532168983279211,1.1413447337782086,-0.3371055402580516,-0.42387081237149027,2,1,normal
0.5027132295223605,-0.09572888586041693,1.1011446934319873,-1.206328882492376,-1.7385463724746002,-1.3225276327491353,-0.5851869126404923,1.6838118260840047,-0.7724857747096513,0.11579850663055835,-0.5265449695050078,-0.5311138100364183,2,3,normal
-0.5907277921508625,-0.41799393057458367,0.15611886794747942,1.5738096560830495,1.228953004352463,-2.82423612198299,0.14575768334335926,-1.2637264211173642,-0.6919831411799009,-1.6907452572598307,-0.99027517886013,1.50938130203468,2,3,normal
2.098599825097969,-1.1464001655941243,0.40573614757164367,-1.1318461735192404,1.0081460508363218,0.019418574761726287,-0.18426560847898513,1.3229582523581227,-0.6375339137009352,0.15240501312628996,-0.2459004806755792,0.28871464279010456,2,1,normal
0.12068889920842692,-0.21900308977858,-0.23748695225554917,-0.22267877609687045,-1.135462936344441,-0.13750977668063655,0.40887702558819117,0.6130680358720554,0.9875988378782832,0.6024427191812314,0.4683486210210339,-0.628893126768218,1,3,normal
1.1995979561652759,-1.9115418906231572,-0.1328851802997033,1.954630323761027,-1.4762287002585328,0.39323047876841993,0.1673529675612006,-1.3301500915196236,-1.8857939991963162,1.0706818541014795,0.429761770849979,0.5082730063389893,2,2,normal
-0.03954511531681524,-1.6643588924710166,1.2176648764377471,0.8758251828834991,0.20977118334035622,1.6266595499626664,-0.17001653283784232,0.6221129167582745,-0.731092349884457,-0.4417333219919005,1.72998791267143,1.91679405556904,0,0,attack
0.18500332325327873,0.8165044923097431,1.566232854280335,0.024531272514417446,0.16895744280822758,-0.05717306967724904,2.028550318532792,-0.08459417378740285,1.5418451327274476,-1.0267071236956005,-0.8976560713865592,-0.28754180751350206,0,2,normal
0.7506206618486286,0.5997162122819348,-0.3659929709056084,-0.14238324185373769,0.9089785335310838,0.15450221492631133,-0.247712446518042,0.5364841457848241,-0.10968092129262867,0.6653702833855922,0.3978663287039843,-1.2314912261555688,2,2,attack
-0.24720271319083856,-0.9717874390532676,-0.10913838175298335,-0.6503451580750639,-0.3775761641104581,-0.6797089358539208,0.4167899939973278,-0.33033973084789614,1.0132086818672956,0.5342331162165537,-0.1799821096745179,-0.9011779911118386,0,3,normal
1.5653768769408312,0.22479322766103088,0.9194135695465891,0.9603583624355351,-0.504076765365505,0.5122836190839491,2.0753084884297994,1.741312057767878,0.19952722949244076,-0.9146103513602302,-0.09709560867757631,-0.1524731218515634,3,3,attack
1.918771216340254,-0.6749893339221105,0.5201349366695964,0.790665419674596,-0.6510911741062533,-0.9119082180276056,-1.4575558638591215,-0.17859919040448868,0.3108448088101648,-1.208783196453386,1.215721112028417,0.39925550180413244,3,1,normal
-0.16342769641097774,-0.973268854120538,-0.8472919263900122,-0.47337365190181696,-0.18602660175128055,-0.7926677439440676,-0.4703881196594122,-0.500529958644917,0.9137404746454718,-0.11177029436284426,0.6736641008008775,-3.133671342239843,0,2,normal
-0.22420750302475287,0.2160808026566235,1.0585318194112625,-0.642366429603693,0.2596897102620535,0.7237141909201606,-1.2515533122647833,-0.6897682583415706,-0.19987464519622325,1.1755244675717353,0.4912735131065698,0.10741517795614346,1,2,normal
0.16101754298498555,0.08718558863943694,0.507140293114696,-0.3537826076776157,-0.9583965151730953,1.077499749310458,0.22334046589891274,1.4678846166516464,-0.058535376800721635,0.7119582599895662,-1.6770380949672994,-0.6287693628696801,3,3,normal
-1.0671894347568884,1.10807996295301,-1.5547521673452045,1.0297666671138563,-0.8630396265160304,1.1560968093910848,1.2080753039285248,-0.39720707338635197,0.008256505582650018,-0.9609591258550813,1.1747001128780135,0.21632004306688601,2,0,normal
0.7110055572448548,0.3376828243906547,0.8560587106825557,0.5181078216347466,-1.8091004094878433,0.07755244628037364,0.3596073657828114,-0.5099447178756328,-0.5609073377125965,0.3550934573834464,0.10441681333708233,0.31858633876844994,2,0,normal
0.04092797522421902,0.6617572784224173,-0.18055054975636997,-1.1193316096424706,-0.08988470199454734,0.6104248394792433,-1.7199103800432032,-0.9587381642733993,1.1723218975112422,0.02179913963111663,-0.09429913747183934,-0.2839497122124482,1,3,normal
-2.371812351255785,-0.6661300573257571,-0.9758970839041452,1.0988896484611397,0.23120974017155602,0.9873652664738476,2.4856554482687074,-0.6473819152762721,0.5213520289789727,2.838095409360088,1.445175694625818,-0.35220910265262423,2,3,normal
1.1298609772864245,-1.718623343513954,0.7610002410799039,-2.7296529159934013,-1.6204038567484267,1.5940809154837,-1.1133010182572678,-1.7069842076978898,0.8437440112360052,0.2890943468187136,1.706501849725881,-0.5670677881396968,0,2,normal
-0.516797567475942,-0.10612608387777604,-1.6040714797473243,1.0845676863585934,-1.467154480958402,-0.49249566846293136,1.3887470712255716,0.8175580983279999,-0.5871620200469808,-0.8963851134045372,-1.9467648204400905,-0.8597355173470564,2,0,normal
1.0559865305450855,0.9320831725023014,-0.5632088030803601,0.011703019074938918,-1.1908085532652606,0.8105934772584991,-0.08719769989596032,0.6993000818522412,-1.1029904150219327,-1.8007845713313797,0.3757711993950448,-0.3734356257608541,0,0,normal
1.8157036132152704,-0.4797256837176012,-0.2926638574943082,-0.1388971323875079,-0.28337288411125505,0.2662755388147766,-0.1255644930027441,-0.7057952349887003,-0.2885947443010764,0.19292263474651067,1.4302781249296534,-0.04833622147936906,3,1,normal
-0.10300046674946647,-0.2628666508707648,1.4414921181599092,-1.7238772818209862,-0.3350341266089313,1.302706967114301,-1.048312133416837,-0.9234563371321988,-1.9564165476396465,0.46381865797071786,-0.759822261315691,-1.525331459953857,0,2,normal
-0.019801505429970553,0.7949981121796713,-0.2314090160889617,0.9745685616090455,-0.024092227388941876,0.8493236795070901,-0.3093485866806699,0.3409169800590606,-0.6077976407737007,-0.07469837890401247,-0.2661294624811227,1.1817565275803812,3,2,normal
0.4992054666072097,1.6899835986960532,0.38654220202293615,-0.29256039197644806,-0.006400193795237795,0.09147116603930669,-0.44051853656473344,-0.5817818415255122,-1.4863051824595874,1.2835649256799622,-0.27335226600688983,1.0827749162663685,0,2,normal
0.17349885257996064,0.6837345523761462,0.4949804207673857,-0.47757785262057256,1.354687643176874,-0.34322990142588117,-1.8529641101567533,-0.3078363925343513,-0.3297126020627391,1.3930742932517604,-2.1114740154262988,0.9500784443070553,0,0,normal
-1.8405818856919278,1.2843357412925862,-0.5792358576267833,-0.15988898823801406,0.19862022425410472,-0.09765582620932363,1.7669226310690773,-0.10695515299370584,0.3175122089770928,-0.07634568578997446,-0.2306107720689628,0.8658358426973051,3,2,normal
0.5746507358452756,-0.334680084666207,-1.6743005294889326,0.48890075598140126,-0.8057144681104718,2.281996040119023,0.14006304733076438,0.8273155126151324,-0.35714186063858205,0.3340807606961954,-0.20893514169265634,0.7494021031306651,1,3,normal
0.882661512975278,-1.2912333441848183,1.0269703804565755,0.7368553502063091,-0.5348290790313786,-0.23011675874148427,0.8927002593138755,-0.5058140081753019,-2.0453035182499564,-0.06824267266780681,0.35320139974225023,-0.04223051969711542,3,3,normal
-0.7637178261800159,-0.5474023268311978,-0.5106457609510013,1.7611379513576837,0.2793466448832496,-0.8144273598310033,-0.1323793096837901,-0.7981098608579745,1.2285431654771721,0.7655254397353396,-0.8788548019212319,0.42467682405300156,3,0,normal
0.3385568693047426,-1.4029335098761728,-0.4073659580322649,-0.18453906982266158,-0.5585583933569188,-0.3805615689734978,-2.607714029807494,-0.6823477127404407,-1.1369976070454009,1.6011216552272216,-0.4403587721334643,0.18980356350216554,3,1,normal
1.2778036981602314,-0.6488176047409387,0.40211733391793025,1.5781123721007861,0.08856477496670034,-0.7053555865364458,-0.6650633257030811,0.14417225508852816,-0.2250178967667925,1.3308428976430626,0.7140397250945734,0.5647453505076273,2,0,normal
-0.2833778813485538,-0.5076360639331766,0.38235389693040506,-1.187185343679555,-0.5331730785049825,0.5055576166441974,-1.6028459001309947,1.4866053881215837,0.011603832099045695,-1.071062598240445,-1.289052589242391,-2.238474694686252,0,0,normal
-0.9667682119256326,-1.0704486509840765,0.11278108492051336,0.3775873960660338,0.530997489075807,-0.9484145492377628,0.13763199405110144,0.7460758334457808,0.08175715195737071,-1.8797073755446154,-0.9052604400197038,0.7038396449313158,3,3,normal
-0.9258540714168049,1.2906129548924155,-0.47234233002255716,0.3800069964982079,-1.538240511340473,-1.5741066204883232,0.2650248065948895,0.09209548805844923,0.6018624596107869,-0.10700849979234171,0.35513815293196904,1.0856381021984363,3,0,normal
-1.6236669891971915,-0.5315435105309851,1.1632871550832706,-0.12913121934892766,1.2385628674878868,0.600077319433893,1.2386011835888056,-0.5802026811055438,0.8027610958726465,1.7438900433179183,1.3024262917311382,-0.6152512379782806,0,3,normal
-0.03321380769879688,-0.9225277964530088,1.1822846270926786,0.056705153885874826,0.33728256091561976,-0.9985167791224441,-0.5162839734146919,0.9804700275646225,2.3951122008285113,1.956102943837398,-0.2300341392125509,-2.529879349912526,3,0,normal
-0.6382823858318059,0.034629842432086916,2.367572854626845,1.2671063552911699,-1.232646624661179,-1.493177332881608,1.7317292012217869,0.07062460029575053,0.18290035367903323,0.9684014421256952,-1.5899149671441541,0.3465221091847221,0,0,normal
0.66665130533567,-0.49729874598882945,0.4048176420931725,0.8380393833164215,-0.38559106801074944,0.5989278143204014,-0.690927178803383,0.3552534930520486,-0.2652140371770896,-0.9347181282858906,0.962957220522627,0.2607252277304267,1,0,normal
0.7925725888844031,0.11223797616959248,0.09492593240564554,-0.42187704710582635,0.02691955796261621,0.6424818225154124,-1.9473277337184751,-1.5063382597609682,0.44461731613803995,-1.4218264933524776,-0.9221232033068475,-0.05229571055577905,0,2,normal
-0.4041227011699225,-0.6880711101272484,-0.94970743568955,1.510877753668596,-1.7156596257236105,0.7416772859010545,0.7078842192353544,-1.3785230253959955,-1.0400141845139221,1.06758383019716,-1.8305762605998108,-0.6343393969618208,1,0,normal
-0.5340275483027075,-0.6794556201319025,3.235181493424215,1.1433463787945586,-1.4923234663027034,-0.39869812345308026,-1.073342565134965,0.9804981505510175,-2.4650651902363854,-1.2003772628105194,-0.307242700657676,0.8265541885821637,0,2,normal
-1.4017032412558732,-1.8407612082129918,-2.0204276559417487,1.3545770297993387,1.8340423181175316,-0.5107211065849815,-0.671373261723553,0.20126323936311133,0.5645742930150424,-0.9947215131031123,-1.4899737672866618,0.9346851455686571,0,2,normal
-0.3858699396924151,1.5178965250420293,0.06667678676154147,-0.7569022312077262,0.3503697173800448,2.2554451077608566,3.3743779443529194,-0.4327807212113427,0.49587417297414665,0.07036466329599683,-0.047716524883732146,-0.5695609340587753,1,1,attack
-1.1062518684943488,0.3392261666299888,1.0496639489442212,1.8392848681612857,-0.401863140007205,-0.9662149957672018,1.5442743513345127,0.035360966312067504,0.9819324189754031,-0.45486738520724335,0.5431843394692747,-0.5853569440511713,2,0,normal
-0.967931528242774,-1.3168847420631886,1.9374601900000672,0.9173841429923608,-1.8122883017516802,-0.49224719163282943,-0.42218763654229197,-0.7293514364922621,-1.716971018094589,0.012792084118156936,-0.30937987183221544,-0.22822065786863496,1,2,normal
-0.6833091296849353,0.14205180255347202,0.11956571579925765,0.865174646964993,-0.4157811650892554,-0.3250888357807138,0.04043380462311729,1.0570603632296107,-0.35139137904481876,-0.9694626801781426,-2.3782662434304003,-1.5726986818960098,0,2,normal
-0.5560213890617001,0.15827459976100314,-0.6177263145333616,0.5507672029362526,1.2947676271341144,-1.9202546809192649,-0.7221463343585397,0.9740392842662791,-0.5566636205113624,1.5214583896408986,-3.2631206369158727,-0.22690762722274174,0,3,normal
0.35700581921822233,0.4033555939023561,-1.4966114651281293,-2.169484242058841,0.8826233616533472,0.49523070922321377,0.4699183592566141,-0.2938135686063143,-2.1314530223093695,-1.0268504637546017,-0.24686551737894483,1.0429001851255917,1,2,normal
-1.0563471117149303,1.7730422314054202,1.3399645421427295,0.28233235696852693,-0.6469925092237688,-0.13757092298401238,1.1376587541757415,-0.839451068035303,0.01147572309097141,-0.7565024261437965,0.4928033825436142,-1.0319958548902306,2,0,normal
0.8411229161089676,-0.1619160167402257,0.24443894198871594,0.7738563190966047,0.39334544420638995,-0.7769097560352494,0.7826920913464256,-0.2285428140190207,-0.9106017578179496,-0.6303670643613769,-0.2721426737059463,-0.42559646870796647,3,0,normal
-0.934827433451553,0.16739844427950082,0.5451020745198447,0.14514200645305167,0.03647624436475855,0.5161109383817242,0.28718964541357106,0.03474708431063951,-0.8856829709759438,-0.5579067890956112,1.1945390432164822,-1.2299393398746026,1,0,normal
-0.5422339243313168,-0.5678782089491631,0.82737222909572,1.1000857195874967,0.9343616790449321,1.3584632857149097,1.4144362807961115,0.9686353688781868,0.720269964399653,-1.1340957177171789,0.3117364766296458,-0.7555483436923808,3,1,attack
0.8249445560197721,0.8168883203932293,-0.78775511112564,0.2535977936089564,-1.4121644326329665,-0.564812454632114,0.5701482916608261,-0.8906462162362992,-0.10932299798439596,-1.2349070176520964,-0.01019949414461903,0.7156599270922104,2,2,normal
-0.9743359278889508,-0.15580051531762373,1.476850023878823,-0.24060912300397636,-0.6869326434368762,0.2770148738213045,0.23219087473878144,0.0862556622874396,-0.22038129073538854,1.541178982760782,-0.08075015005368927,0.07121051588497404,3,2,attack
1.9001229468654461,0.2527029850248308,-0.2308121020785987,1.290552034903571,0.9469336004854328,1.0088264425989484,-0.06307025975719853,0.7566423742019629,0.9703589814306449,0.7072319705527018,0.6118574288114712,0.5499729826431229,2,0,attack
-0.04997119739241518,-0.5218009507819091,0.9682163425352267,0.8568401244640973,-0.009982003368845645,-1.3540480049442343,0.744812532504774,-1.887916127166899,-0.059209462934472525,-2.549121203568929,0.5079696872232652,-0.3782939962971537,3,0,normal
-0.2833385082142344,0.5117595974309103,-0.43798404723656226,-0.017623328786637842,-0.7685572786441919,1.367692258407075,-0.46556431217640415,1.14184009120098,0.568236147153919,-0.7480374691963839,0.9425800927907994,-0.8880482891803253,2,1,normal
0.2973933033108922,0.48459946417452926,0.8311960488571138,1.4288358312160097,0.1506276484721805,-0.8487058041891691,-1.2389001131003605,-0.20550135941847428,-2.2947642669418857,0.569545981824275,0.6170757068064902,-1.506944025678756,2,2,normal
-2.378582503377671,-1.3483510436937167,0.9618592547084973,0.23472904306459388,0.4634999985976378,-1.350978167025786,-0.23970804563037434,1.221808741241239,-0.38050530461391363,0.03864933204247301,-0.9031378063525044,-0.9131373662232015,3,1,normal
-0.15034520199072463,-0.9287780838830811,-0.032159083591539815,-0.541129506158815,-0.031646639090020176,0.7705075256634996,-1.291199012336171,0.46089023427974013,1.1401373172162708,1.5112799865099562,-0.43369691480812006,-0.22293389159363167,1,1,normal
0.05475204437048467,-1.14411139484546,0.007746356401197073,0.9447760713700712,-0.46389540322404305,0.33016552329239024,1.1709317270641475,-0.9045912223094479,0.9611189469690639,-0.6213162856919557,1.4737913862664207,1.3019556068931524,0,2,attack
-1.1168851422113726,0.7447469069242003,0.31861919503270186,0.24976060679858572,-0.4119759084668366,-1.1698464802781943,1.4931021003990137,-1.6434956602488024,0.9956665467025414,-0.1552958147967875,-0.7357577487266194,-2.825650367349815,1,2,normal
1.1479789320460048,-0.20101347518773904,-1.3491047294290974,-1.4374203923816333,-0.7560938447028486,2.693959620237033,0.0053702170340712806,-0.21021782379060494,-1.532329986857048,0.2413819192077348,0.12928561072437503,0.2977255060220295,3,1,normal
0.2841028763326397,1.4330712074238943,1.0756330887483925,-1.2680553788629911,-0.6262235016653513,0.00036728424839469734,-0.08565500338834893,-0.12016517721304219,2.3859319234236773,-0.9815692074145533,-2.5247379106710026,0.4729676157675878,1,2,normal
0.5994781462952206,-1.4978815072521863,0.9397978834800239,-0.7985677251716363,-0.20609943477741338,-1.240016004196282,-0.5488335957189151,-1.182019239257096,-0.9441430190637263,-1.6716734052520255,-0.5896664988650159,-0.8476378275343269,2,2,normal
0.6866871311994455,-0.9709290480746419,0.2112078337951697,-0.7342769601728886,-1.73136082273708,-0.24618017935293454,-0.6618667818019003,0.128951255120745,-1.3466394457433746,0.6083720112480484,0.13926745801174523,0.5960785847347932,1,3,normal
-0.4238275031649048,-1.1434401037397695,-1.7764879871932866,1.1545281139161987,0.6406472142952487,-0.46132919164371555,-0.34970160166650843,-0.5974000809567593,-0.18724718520029637,0.23904868460331233,0.3976202830145424,-0.4139874985240934,3,1,normal
-0.7421485269155335,0.34267576531211325,0.9575856035469302,0.5995911883557312,-0.13117903031528452,0.7927007304425139,-0.960251506487052,0.3493869070215009,1.0060092941739827,1.1518850097869953,-0.5575028681729486,1.4964182564953716,0,1,normal
-0.7492188733284619,-0.3454081334134014,0.39414298765731814,-0.5933278344870925,0.10814729599572272,0.08143644680041288,2.277417915707866,1.3205352311338572,0.10815726090452585,-1.6036635677430353,1.0062130315138162,0.2868369550845763,2,1,normal
-0.10263350614924681,1.0605837398526492,-1.067067196795503,-0.16218208843449455,1.642350283551974,0.9338808621717701,-1.593469316475877,0.9572834490896199,1.3471141677045242,-0.7595773774237299,0.6899333774592713,0.47713219036130355,1,2,normal
-1.0815194872117422,-0.18298495996852424,0.34161331941302836,1.0771510839785698,0.3246452123822508,0.30902409273706005,2.1699609737693506,0.5744231468538028,1.6541884752774936,-0.066717035437175,1.388791066475705,-1.3663158980809744,2,1,normal
-2.1763304520246134,0.5268934673997999,-1.1944677434952204,-1.3135341833003162,0.271988636943793,0.7778828957385351,0.5320700161704417,0.9724694719786239,-0.25927307032267793,0.623661020509141,-0.4480849832419795,-0.3492085095042242,2,1,normal
0.22147377450006847,-0.32625470298888937,0.9923862835127287,-0.15045503493669238,-1.5505275641079417,-0.43499571306228474,1.2088571829379176,-0.5695246765998617,-0.5153658138541211,3.101779725154433,0.6391569199775649,0.2688193943062025,2,1,normal
0.511435289882647,0.3167204948742662,-1.5434780654181652,0.05359338946068438,0.6256013155247379,0.34062213193761787,-0.5068330868029925,-0.17132528060382707,0.5157496431723095,-0.7909729527238403,0.04337454166863549,0.7667245034822605,1,3,normal
-1.057065655804045,-1.395027215820819,-1.9166911452151383,-0.19235476848793753,-0.9341195124656406,-0.635511750795165,1.2149720313323085,-1.453657830542131,-1.5086996003070647,-0.5031537716152168,-0.44030258732448535,0.5762642224333523,3,3,normal
1.2556888591396542,1.3858015381079634,0.6284883863390156,0.5637189240093444,0.6288229058033226,0.37310462454023835,0.08142154450653633,-1.7227099900623193,-0.021890299028264025,-1.9820154595515613,-0.9798666951814073,-1.1281168560424888,0,2,normal
-1.213442083433412,0.04853136747128359,0.5386120111232564,1.1720659992861384,-1.4082718297014767,1.1480066359841055,-0.2037161667104091,0.3549645264181342,0.5714388996998464,0.570252494090935,0.8862609658613366,0.3230305454883594,0,1,normal
-0.6823795386862425,-0.6406943388218538,1.1066861809598363,-0.18522231037175238,1.8347147476818069,-1.223917056729894,0.11116431801693384,-0.9543632460158262,-0.5978019219457679,-0.08613718441691466,-1.3706734252435684,-0.5468504699939023,2,2,normal
1.463614509601923,0.4624832618303242,0.9176660900078154,2.143321038538021,0.8689040725243588,-0.010131710862851976,0.8484463543273328,0.44020611581122565,-0.6407804816336717,0.44599445636020413,-0.027550767707475513,-0.43183023278895316,2,2,attack
-0.020099966845415315,-0.4484858058264899,-1.72567290935184,-0.5922445197106162,0.34520727960211284,-1.0056767213371742,-0.5965656184466275,-1.5614651061325244,-0.7908124514713617,-0.45245702140731353,0.569007696865372,-0.696844821148318,1,0,normal
-0.31803939687602595,-0.10659484997421481,1.6561685741781216,0.24073692230051788,-1.054228275768297,-1.6494674267902227,-0.49454076942766473,2.0795722572358026,1.8621054545972509,-0.42795255833336293,-0.9735687286359308,0.010836751055563618,2,3,normal
-1.1223354726792223,1.3893925298109704,0.1542486003895712,1.168897318977691,-0.6607244044697,1.4554883144568744,1.5512325504078295,-0.30831600619266475,0.27621404754231804,2.149593516368682,-0.4884954940690728,-0.33852894089572105,2,2,attack
0.3783807949818286,-0.8141498048422895,-0.6895150100406484,-1.673447925215285,1.2532407252812254,0.8518327477790505,0.2901676634635983,0.896138038450904,-0.19020024494397936,-1.3304576674515272,-1.6790745576244446,-0.5677507730095205,1,3,normal
0.01099678756328975,-1.6026513105654723,0.1317360114648997,-0.16927386383282114,-1.2865694403610033,0.5329399083882747,-0.48169288067522176,0.8240896589994411,1.016898427243099,-0.44670222592227926,-1.4842555639963462,0.4314092845687429,2,0,normal
1.272982516528485,-1.854131140027878,0.3272389903002334,1.4642476904325634,0.4747808466667708,0.653801282280765,-0.016207843022665563,0.21629561059738603,-0.1309791958634027,-0.2080981783345082,-0.8216454028417036,0.9081350720196971,0,0,attack
-0.659577124589871,0.6212077265405936,-2.213141599916925,1.6952096211856769,2.2609937393198396,-0.6761477774151192,1.0583062671832697,0.75089560803805,0.611144873911193,0.41096531117700097,0.7157241342536783,1.698364026537187,3,1,attack
-0.1788746670479941,-0.09304333711688591,-0.3391129184012444,0.45766850295609457,-1.5679500320609263,0.9920864602702207,-0.7330629861363969,0.131253376755743,0.7941496234790173,1.0921467788857588,0.5533192028846302,-0.17007426772015424,3,0,normal
-0.2277637741453451,0.4790976489409549,0.6303942749537377,1.3830090266356618,-1.0966682033691362,0.2604788362839086,-0.3587907572514111,-1.1984244291393142,0.7781747692157351,0.4045957830914237,1.183490499871532,-1.4075184668199041,0,3,normal
-0.4579531834784071,0.08753060507494226,-1.8913770463894914,0.47419084169851267,2.6350918238224006,1.6912142923883593,0.6134782517858687,-0.9206449742627818,0.9592221870251056,-2.0456226031120175,0.4449255876723059,-0.971615647650382,2,3,normal
-1.20704169759227,-0.7020065840285644,0.17340471595050846,1.889498282567916,-0.6054311768359822,-1.8446306810184954,0.9164209277612211,1.1198922874671884,-1.4414988027535065,-1.2981336282439107,-0.9323462529501872,-0.43176438446766774,2,2,normal
0.3177524631502493,-1.0328369763753817,-0.7457867779600085,0.4543214915328969,-1.6743883168441902,-0.055243620528630924,-1.3623592291419286,-0.4236821481903503,-0.22627476796204288,1.247262254521035,-1.2825011872031202,-0.3656718552539354,3,2,normal
0.7544969448062194,0.12965958228087396,1.4219920927123824,0.5965027760350531,1.0606081839511141,1.6129070232722726,0.9294919754241477,-0.6640265963813098,1.495120309202761,-1.2794992063874906,-0.8703032116602555,-0.19397269570670736,1,2,attack
-0.6826091946257276,0.30184072128871214,-1.448898961735569,-0.39361341670234185,-0.17419711529814488,0.5181357768564246,-1.464051601319333,-0.6658784220100706,0.27491846634806705,-0.9209086370134252,-2.5321077364932636,0.5569533885158583,0,1,normal
-2.542541663121601,0.5447939525547274,-0.6156285589560946,1.935774457439794,-0.6314561330553852,0.8855000186768662,1.54241420354241,-0.14170273122447183,0.3708847620948491,0.2896181063445427,-0.17552802813266435,-0.5742416229062136,2,0,normal
0.0010665339133497632,0.5423381368241216,-0.5625134689792053,0.738104230977493,-2.4954612154297013,0.41765920644543575,-0.4211221104213096,0.8877702711434458,-0.2224954387931457,1.330676548094313,0.6679444340190913,-0.29192076081276214,0,2,normal
-0.48342851451969215,-0.7135930672789073,0.3115884677460761,0.2868678975841647,-0.25743409241008447,0.31153883598570503,-0.6965752480608154,-0.5333087187311771,1.282813105783779,-1.1130459090607039,0.574725698495442,-0.4600996072609679,0,3,normal
0.14470070947838976,0.302861475822894,0.32045377855283574,0.8805889708649548,-1.3185417900556935,-0.9088705937467507,1.2309391335768172,0.3712441473710606,0.22021670268958118,1.4910021634222614,0.19605259316640647,0.04944762720676521,2,0,normal
0.36338819234893455,-0.6088736132696686,0.39988510787213694,0.23298504048315966,0.20342134525200242,-1.1547598850314147,-0.20764800389011479,-2.4775978414271442,-0.07865782426887329,0.28928002927602814,0.06333079233031358,-1.1036009472733226,3,0,normal
